100 0.2781875 0.193109375 0.033203125 0.042328125
62 0.020859375 0.06590625 0.029828125 0.043453124999999995
53 0.060375 0.06678125 0.029625000000000002 0.041578125
62 0.128390625 0.06796875 0.033203125 0.042328125
93 0.1691875 0.07003125 0.031328125 0.042328125
62 0.2406875 0.073625 0.033203125 0.042328125
60 0.278203125 0.073875 0.033203125 0.042328125
62 0.348875 0.07748437500000001 0.033203125 0.042328125
67 0.38870312500000004 0.077234375 0.033203125 0.042328125
62 0.4573125 0.07876562499999999 0.033203125 0.042328125
122 0.496375 0.082359375 0.033203125 0.042328125
62 0.564734375 0.0875 0.033203125 0.042328125
71 0.60225 0.0875 0.033203125 0.042328125
62 0.670359375 0.0895625 0.033203125 0.042328125
77 0.70915625 0.08981249999999999 0.033203125 0.042328125
62 0.773640625 0.09121875 0.033203125 0.042328125
84 0.8108281249999999 0.092640625 0.033203125 0.042328125
62 0.8769218750000001 0.09406250000000001 0.033203125 0.042328125
74 0.9126875 0.097609375 0.033203125 0.042328125
62 0.016609375000000003 0.185 0.033203125 0.042328125
90 0.056859375000000004 0.1868125 0.033203125 0.042328125
62 0.12859375 0.18909375 0.033203125 0.042328125
98 0.16924999999999998 0.189546875 0.033203125 0.042328125
62 0.23943750000000003 0.1931875 0.033203125 0.042328125
62 0.35028125 0.19523437500000002 0.033203125 0.042328125
114 0.387390625 0.19637500000000002 0.0315625 0.042328125
62 0.45726562499999995 0.199328125 0.033203125 0.042328125
117 0.49246875 0.19978125 0.033203125 0.042328125
62 0.562203125 0.20228125000000002 0.033203125 0.042328125
95 0.600140625 0.2031875 0.033203125 0.042328125
62 0.668046875 0.20432812500000003 0.033203125 0.042328125
129 0.705734375 0.20353125 0.030953124999999998 0.042125
62 0.10020312499999999 0.2854375 0.033203125 0.042328125
144 0.028421875000000003 0.28317187499999996 0.033203125 0.042328125
54 0.14064062500000002 0.285671875 0.033203125 0.042328125
62 0.21128125 0.286125 0.033203125 0.042328125
151 0.24898437499999998 0.2879375 0.033203125 0.042328125
62 0.320765625 0.28953125 0.033203125 0.042328125
64 0.359375 0.2904375 0.033203125 0.042328125
62 0.428203125 0.292703125 0.033203125 0.042328125
49 0.466140625 0.29134375 0.033203125 0.042328125
62 0.5354062500000001 0.29315625 0.033203125 0.042328125
133 0.57265625 0.2940625 0.033203125 0.042328125
40 0.016609375000000003 0.46470312500000005 0.033203125 0.042328125
42 0.08990625 0.46423437500000003 0.033203125 0.042328125
44 0.16390625 0.46495312499999997 0.033203125 0.042328125
46 0.238859375 0.46471875 0.033203125 0.042328125
47 0.31310937499999997 0.46448437499999995 0.033203125 0.042328125
66 0.384984375 0.46590625 0.033203125 0.042328125
75 0.45685937499999996 0.46590625 0.033203125 0.042328125
80 0.528015625 0.4675625 0.033203125 0.042328125
82 0.600578125 0.467953125 0.031375 0.04215625
101 0.672625 0.46764062500000003 0.03053125 0.042499999999999996
103 0.744890625 0.467890625 0.030703124999999998 0.043
108 0.8157500000000001 0.46828125 0.033203125 0.042328125
111 0.88928125 0.46828125 0.033203125 0.042328125
120 0.9618593750000001 0.467328125 0.033203125 0.042328125
115 0.08365625 0.6265625 0.033203125 0.042328125
41 0.082421875 0.7506875 0.033203125 0.042328125
42 0.15790625 0.7494531249999999 0.033203125 0.042328125
45 0.234015625 0.74790625 0.033203125 0.042328125
46 0.30920312499999997 0.7500625000000001 0.033203125 0.042328125
48 0.384078125 0.750671875 0.033203125 0.042328125
76 0.45679687500000005 0.7494375 0.033203125 0.042328125
127 0.529828125 0.7478906249999999 0.033203125 0.042328125
141 0.6053124999999999 0.75065625 0.033203125 0.042328125
91 0.67803125 0.750046875 0.033203125 0.042328125
102 0.749515625 0.7494375 0.033203125 0.042328125
103 0.82315625 0.748828125 0.033203125 0.042328125
107 0.895734375 0.748828125 0.033203125 0.042328125
109 0.9672031249999999 0.7499374999999999 0.033203125 0.042328125
83 0.0801875 0.811359375 0.033203125 0.042328125
62 0.77246875 0.20720312500000002 0.033203125 0.042328125
136 0.810109375 0.206484375 0.030125000000000002 0.04253125
62 0.8766875000000001 0.20617187499999998 0.033203125 0.042328125
138 0.9154687499999999 0.20637500000000003 0.033203125 0.042328125
57 0.38342187499999997 0.62615625 0.033203125 0.042328125