103 0.15453125 0.5056875 0.031796875 0.046625
108 0.239546875 0.506046875 0.031796875 0.046625
111 0.32859375 0.5078750000000001 0.031796875 0.046625
101 0.067328125 0.5042187499999999 0.031796875 0.046625
120 0.4180625 0.509625 0.031796875 0.046625
62 0.0595625 0.17009375 0.031796875 0.046625
129 0.10223437500000002 0.171109375 0.031796875 0.046625
62 0.193109375 0.16971875 0.031796875 0.046625
136 0.235875 0.170703125 0.031796875 0.046625
62 0.32606250000000003 0.168671875 0.031796875 0.046625
138 0.36898437500000003 0.169828125 0.03546875 0.050093750000000006
91 0.07428125 0.836640625 0.031796875 0.046625
102 0.158546875 0.83978125 0.031796875 0.046625
103 0.24343750000000003 0.842921875 0.031796875 0.046625
107 0.33020312500000004 0.8460625 0.031796875 0.046625
109 0.41798437499999996 0.8520937500000001 0.031796875 0.046625