38 0.1310625 0.79203125 0.03434375 0.04959375
41 0.21612499999999998 0.791609375 0.03434375 0.04959375
42 0.30034375 0.796515625 0.03434375 0.04959375
45 0.3856875 0.7956875 0.032765625 0.0475
46 0.46950000000000003 0.8000624999999999 0.032765625 0.0475
48 0.554 0.80234375 0.032765625 0.0475
76 0.6369374999999999 0.803921875 0.032765625 0.0475
127 0.72153125 0.8049687499999999 0.032937499999999995 0.04715625
141 0.8028906250000001 0.8067187499999999 0.032937499999999995 0.04715625
91 0.8840781249999999 0.8065468750000001 0.032937499999999995 0.04715625
102 0.9652968749999999 0.8081250000000001 0.032937499999999995 0.04715625
80 0.12987500000000002 0.8559687500000001 0.032937499999999995 0.04715625
83 0.213578125 0.859375 0.032937499999999995 0.04715625
57 0.12940625 0.6585156249999999 0.03434375 0.04959375
115 0.214609375 0.657921875 0.03434375 0.04959375
62 0.094796875 0.25568749999999996 0.03434375 0.04959375
144 0.13804687499999999 0.25609375 0.03434375 0.04959375
62 0.230546875 0.25606249999999997 0.03434375 0.04959375
54 0.27446875 0.26096875 0.03434375 0.04959375
62 0.36484375 0.260515625 0.03434375 0.04959375
151 0.40806250000000005 0.26475 0.03434375 0.04959375
62 0.49406249999999996 0.2664375 0.03434375 0.04959375
64 0.536640625 0.27003125 0.03434375 0.04959375
62 0.621796875 0.2740625 0.03434375 0.04959375
49 0.663734375 0.274484375 0.03434375 0.04959375
62 0.7474062499999999 0.27978125 0.03434375 0.04959375
133 0.79190625 0.2795625 0.03434375 0.04959375
40 0.128484375 0.474796875 0.03434375 0.04959375
42 0.21692187500000001 0.47571874999999997 0.03434375 0.04959375
44 0.3058125 0.474796875 0.03434375 0.04959375
46 0.39242187500000003 0.47525000000000006 0.03434375 0.04959375
47 0.479484375 0.478015625 0.03434375 0.04959375
66 0.56425 0.47985937500000003 0.03434375 0.04959375
75 0.647625 0.48354687500000004 0.03434375 0.04959375
80 0.731921875 0.481703125 0.03434375 0.04959375
82 0.814640625 0.48709375 0.03434375 0.04959375
101 0.8994687499999999 0.48859375 0.03434375 0.04959375
103 0.9806874999999999 0.49068750000000005 0.03434375 0.04959375
140 0.127234375 0.544203125 0.03434375 0.04959375
62 0.26570312500000004 0.14171875 0.03434375 0.04959375
98 0.311328125 0.14346874999999998 0.03434375 0.04959375
62 0.12821875 0.13968750000000002 0.03434375 0.04959375
90 0.17471874999999998 0.1379375 0.03434375 0.04959375
62 0.39823437500000003 0.15071874999999998 0.03434375 0.04959375
100 0.443296875 0.151 0.03434375 0.04959375
62 0.5296093749999999 0.153921875 0.03434375 0.04959375
62 0.783921875 0.169140625 0.03434375 0.04959375
114 0.57175 0.15712500000000001 0.03434375 0.04959375
117 0.6995312499999999 0.162234375 0.03434375 0.04959375
95 0.828765625 0.167390625 0.03434375 0.04959375
62 0.9116875 0.17295312499999999 0.03434375 0.04959375
129 0.9535937499999999 0.172078125 0.03434375 0.04959375
62 0.6564062500000001 0.16171875 0.03434375 0.04959375