24 0.561796875 0.493609375 0.08096875 0.12357812500000001
57 0.0660625 0.11434375000000001 0.08096875 0.12357812500000001
57 0.43112500000000004 0.1015625 0.08096875 0.12357812500000001
57 0.799015625 0.0859375 0.08096875 0.12357812500000001
57 0.076 0.51065625 0.08096875 0.12357812500000001
57 0.446734375 0.49929687500000003 0.08096875 0.12357812500000001
57 0.8132187500000001 0.48367187500000003 0.08096875 0.12357812500000001
57 0.090203125 0.908390625 0.08096875 0.12357812500000001
57 0.462359375 0.8970312500000001 0.08096875 0.12357812500000001
57 0.831671875 0.882828125 0.08096875 0.12357812500000001
13 0.17828125 0.108671875 0.08096875 0.12357812500000001
14 0.546171875 0.0973125 0.08096875 0.12357812500000001
16 0.9140625 0.076 0.08096875 0.12357812500000001
23 0.19246875000000002 0.506390625 0.08096875 0.129265625
30 0.20810937499999999 0.902703125 0.08096875 0.126421875
31 0.57459375 0.892765625 0.08096875 0.126421875
32 0.953140625 0.8814062500000001 0.085234375 0.126421875