101 0.140393487109905 0.3585123966942149 0.025698778833107193 0.23760330578512398
37 0.2189145183175034 0.6765289256198347 0.023297150610583447 0.21264462809917356
130 0.25276797829036635 0.6807438016528926 0.020827679782903664 0.22743801652892562
47 0.28616010854816826 0.6890082644628099 0.020827679782903664 0.2312396694214876
37 0.31861601085481683 0.6915702479338843 0.02101763907734057 0.23628099173553718
101 0.7343147896879241 0.35735537190082645 0.025766621438263228 0.24165289256198347
37 0.764572591587517 0.6827272727272727 0.023677069199457258 0.23132231404958675
140 0.79797829036635 0.6979338842975207 0.023663500678426052 0.26181818181818184
50 0.8304341926729986 0.6979338842975207 0.023867028493894164 0.26181818181818184
79 0.8643419267299864 0.6833884297520662 0.022808683853459973 0.21983471074380168
96 0.8978426051560381 0.6852892561983471 0.020922659430122118 0.2363636363636364
79 0.9306105834464043 0.6884297520661157 0.02383989145183175 0.22999999999999998