0 0.1333668801463861 0.4142910447761194 0.016870997255260752 0.11921641791044776
25 0.16074107959743825 0.4116791044776119 0.020292772186642268 0.12742537313432836
39 0.19113449222323878 0.40757462686567164 0.018051235132662397 0.1207089552238806
63 0.2230466605672461 0.41119402985074627 0.02010064043915828 0.1298507462686567
53 0.25432753888380605 0.4085820895522388 0.020466605672461117 0.13208955223880597
56 0.28580054894784995 0.40869402985074627 0.020091491308325708 0.13041044776119404
0 0.3525343092406221 0.41294776119402987 0.017657822506861848 0.11582089552238806
24 0.3795242451967063 0.40809701492537315 0.018115279048490394 0.12847014925373135
47 0.4116102470265325 0.4033955223880597 0.020155535224153705 0.12111940298507463
51 0.4437053979871912 0.4082089552238806 0.019826166514181155 0.1281716417910448
65 0.5367612076852698 0.40735074626865675 0.01915827996340348 0.12861940298507463
2 0.5668344007319305 0.4019776119402985 0.017666971637694418 0.12082089552238807
3 0.6293229643183897 0.4028358208955224 0.01860018298261665 0.12029850746268657
6 0.6619304666056725 0.4033208955223881 0.019359560841720035 0.12052238805970149
9 0.692982616651418 0.40302238805970153 0.019432753888380602 0.11992537313432836
9 0.7566056724611162 0.40067164179104475 0.018334858188472095 0.11671641791044776
10 0.7876303751143642 0.40317164179104475 0.01839890210430009 0.12003731343283583
6 0.8186825251601099 0.40111940298507465 0.020128087831655993 0.11544776119402986
0 0.30235132662397074 0.7719776119402985 0.017666971637694418 0.11944029850746268
32 0.32990850869167426 0.7680970149253731 0.019277218664226898 0.12776119402985076
53 0.3614181152790485 0.7673880597014925 0.020036596523330282 0.13257462686567165
63 0.3926349496797804 0.7668656716417911 0.020301921317474842 0.1330597014925373
53 0.4241445562671546 0.7667910447761194 0.01939615736505032 0.13138059701492538
58 0.45561756633119854 0.7661194029850746 0.020375114364135406 0.13078358208955224
39 0.48578225068618486 0.761268656716418 0.018325709057639524 0.12029850746268657
65 0.5800365965233303 0.7675373134328358 0.020494053064958828 0.13261194029850745
2 0.6108234217749314 0.7617910447761194 0.017328453796889298 0.12205223880597016
5 0.6431747483989021 0.7619402985074627 0.020292772186642268 0.11999999999999998
8 0.7059194876486734 0.7607462686567164 0.019423604757548032 0.12190298507462687