0 0.3668073394495413 0.3417665615141956 0.01977981651376147 0.15637223974763406
31 0.3937125382262997 0.3417665615141956 0.019235474006116207 0.15637223974763406
59 0.42300305810397554 0.34457413249211355 0.019363914373088684 0.16198738170347005
57 0.45412232415902143 0.3396529968454259 0.01908868501529052 0.16618296529968454
39 0.4828012232415902 0.3407255520504732 0.019357798165137614 0.15848580441640378
52 0.5133700305810398 0.3390220820189274 0.019327217125382264 0.1648895899053628
0 0.5758348623853211 0.34321766561514194 0.01785321100917431 0.1662776025236593
26 0.6033516819571866 0.34533123028391166 0.021522935779816513 0.1620820189274448
39 0.632434250764526 0.3382965299684542 0.020972477064220185 0.15927444794952683
47 0.662269113149847 0.3382965299684542 0.02001223241590214 0.15365930599369085
42 0.6929113149847095 0.34006309148264985 0.019602446483180425 0.16697160883280757
59 0.7226788990825688 0.3397160883280757 0.022042813455657492 0.1732807570977918
65 0.30062385321100915 0.589211356466877 0.019259938837920487 0.16753943217665615
2 0.3298470948012232 0.5905993690851735 0.020611620795107036 0.17031545741324922
10 0.36001834862385323 0.5825236593059937 0.021149847094801222 0.1752365930599369
7 0.39059327217125384 0.589211356466877 0.01978593272171254 0.16753943217665615
7 0.42062996941896025 0.5860567823343849 0.020599388379204893 0.1682334384858044