65 0.04200376884422111 0.41650485436893203 0.014930904522613066 0.37
3 0.065 0.40300970873786407 0.013435929648241206 0.34300970873786407
0 0.13879396984924625 0.42766990291262136 0.012430904522613065 0.3329126213592233
17 0.1593278894472362 0.4040776699029126 0.01457286432160804 0.34320388349514563
42 0.18371859296482412 0.4027184466019417 0.014371859296482412 0.3444660194174757
39 0.20639447236180902 0.4031067961165049 0.013341708542713568 0.345242718446602
42 0.23028266331658293 0.40184466019417475 0.014503768844221105 0.34281553398058257
52 0.2766708542713568 0.4123300970873786 0.0144535175879397 0.3622330097087379
47 0.30023869346733667 0.4033009708737864 0.015219849246231156 0.3440776699029126
0 0.3502072864321608 0.4216504854368932 0.013077889447236181 0.3433009708737864
24 0.3696608040201005 0.4122330097087379 0.013404522613065326 0.3620388349514563
53 0.393856783919598 0.4117475728155339 0.015043969849246231 0.3630097087378641
50 0.4166708542713568 0.4130097087378641 0.013360552763819096 0.3636893203883495
53 0.44083542713567836 0.41320388349514564 0.015615577889447237 0.3600970873786408
65 0.48913316582914573 0.41271844660194174 0.015502512562814071 0.3610679611650485
8 0.5124748743718593 0.40359223300970876 0.01399497487437186 0.3446601941747573
6 0.5357412060301507 0.39747572815533977 0.013850502512562814 0.35417475728155334
0 0.6084233668341709 0.4212621359223301 0.013172110552763818 0.34300970873786407
24 0.6281469849246231 0.4107766990291262 0.01280778894472362 0.360873786407767
53 0.6520917085427136 0.4124271844660194 0.01496859296482412 0.3622330097087379
50 0.6749999999999999 0.4123300970873786 0.013297738693467337 0.36398058252427185
39 0.6985678391959799 0.4038834951456311 0.01280778894472362 0.34514563106796114
65 0.7462814070351759 0.41699029126213594 0.015157035175879397 0.37330097087378644
7 0.7695351758793969 0.40320388349514563 0.015182160804020102 0.34184466019417475
9 0.79303391959799 0.4036893203883495 0.014440954773869346 0.340873786407767
0 0.8658354271356784 0.43174757281553394 0.013266331658291457 0.3397087378640777
32 0.8865452261306533 0.42135922330097086 0.014905778894472362 0.3606796116504854
47 0.9097927135678393 0.4117475728155339 0.014849246231155779 0.34417475728155345
63 0.9325439698492461 0.4236893203883495 0.01464824120603015 0.36019417475728155
39 0.9553203517587939 0.4129126213592233 0.01297110552763819 0.3439805825242718