65 0.02994609164420485 0.31376470588235295 0.01646900269541779 0.49670588235294116
4 0.05727762803234501 0.29411764705882354 0.014225067385444743 0.4575294117647059
0 0.1418867924528302 0.33988235294117647 0.014225067385444743 0.4183529411764706
21 0.1669676549865229 0.3071764705882353 0.01646900269541779 0.40517647058823525
58 0.19429245283018867 0.32023529411764706 0.015721024258760107 0.4314117647058824
43 0.22274932614555257 0.32023529411764706 0.014225067385444743 0.40517647058823525
62 0.24932614555256064 0.32682352941176473 0.01646900269541779 0.47058823529411764
58 0.2766576819407008 0.32023529411764706 0.015721024258760107 0.48364705882352943
51 0.3305660377358491 0.31376470588235295 0.015721024258760107 0.47058823529411764
53 0.3575202156334231 0.3071764705882353 0.017223719676549863 0.4575294117647059
65 0.44099730458221026 0.32682352941176473 0.01646900269541779 0.4444705882352941
1 0.4683288409703504 0.30070588235294116 0.015721024258760107 0.4444705882352941
10 0.4964083557951482 0.2875294117647059 0.01646900269541779 0.47058823529411764
2 0.5225741239892183 0.31176470588235294 0.01549865229110512 0.43529411764705883
9 0.5505390835579514 0.3 0.016172506738544475 0.4117647058823529
8 0.605121293800539 0.31176470588235294 0.014824797843665768 0.43529411764705883
4 0.6317385444743935 0.3058823529411765 0.016846361185983826 0.4235294117647059
6 0.6586927223719676 0.31176470588235294 0.01549865229110512 0.43529411764705883
5 0.7136118598382749 0.31176470588235294 0.016172506738544475 0.43529411764705883
3 0.7409029649595688 0.31176470588235294 0.014150943396226415 0.4117647058823529
2 0.7678571428571429 0.31176470588235294 0.01549865229110512 0.4588235294117647
7 0.7961590296495957 0.29411764705882354 0.016846361185983826 0.47058823529411764