65 0.09337837837837838 0.3332172470978441 0.014289071680376028 0.0643615257048093
2 0.11692126909518213 0.33097844112769487 0.012408930669800236 0.059519071310116085
65 0.1891539365452409 0.332636815920398 0.013907168037602821 0.06165837479270315
10 0.21326674500587545 0.32920398009950247 0.01425969447708578 0.05897180762852405
4 0.2612867215041128 0.3296185737976783 0.013736780258519389 0.05862354892205639
1 0.2854289071680376 0.32950248756218903 0.01436545240893067 0.05839137645107795
2 0.3317332549941246 0.32945273631840793 0.012514688601645124 0.059452736318407966
1 0.35625734430082256 0.32920398009950247 0.01390129259694477 0.05897180762852405
1 0.40366039952996474 0.32923714759535655 0.014236192714453585 0.05805970149253731
1 0.4276792009400705 0.32917081260364844 0.01408930669800235 0.05925373134328358
57 0.475235017626322 0.3316417910447761 0.014576968272620446 0.06296849087893863
47 0.49977085781433606 0.32907131011608626 0.013654524089306697 0.05938640132669984
63 0.5234018801410106 0.33172470978441126 0.014253819036427733 0.06364842454394694
39 0.546186839012926 0.32865671641791044 0.012138660399529965 0.05855721393034826
39 0.5943830787309048 0.33001658374792703 0.012356051703877791 0.05694859038142621
39 0.6175910693301998 0.3299502487562189 0.012878965922444184 0.059635157545605305
50 0.6410869565217392 0.3313598673300166 0.011786133960047003 0.06325041459369818
47 0.6657931844888367 0.33117744610281924 0.014289071680376028 0.0584742951907131
57 0.6896650998824911 0.33301824212271974 0.014318448883666275 0.062172470978441134
65 0.0899647473560517 0.4330845771144278 0.01427732079905993 0.06349917081260364
3 0.11112220916568742 0.43046434494195684 0.012784958871915395 0.05885572139303483
0 0.18037602820211515 0.4343781094527363 0.012015276145710928 0.05744610281923715
17 0.19922444183313748 0.43036484245439466 0.01374265569917744 0.05805970149253731
42 0.22250293772032903 0.4303980099502487 0.01372502937720329 0.05996683250414593
39 0.24351938895417158 0.4304311774461028 0.012514688601645124 0.05941956882255389
42 0.2658930669800235 0.4295688225538971 0.013672150411280845 0.05769485903814262
52 0.3093478260869565 0.43207296849087895 0.013396004700352527 0.06207296849087894
47 0.3313396004700353 0.4298673300165837 0.014447708578143361 0.05953565505804312
0 0.3780846063454759 0.43348258706467657 0.012215041128084607 0.05873963515754561
24 0.39661574618096357 0.43150912106135986 0.012473560517038778 0.06220563847429519
53 0.4187367802585194 0.4320066334991708 0.013783783783783784 0.06318407960199005
50 0.4403290246768508 0.43139303482587066 0.012673325499412457 0.061956882255389714
53 0.46296709753231496 0.4316915422885572 0.01417743830787309 0.061326699834162515
65 0.5082902467685076 0.43194029850746263 0.014488836662749706 0.06182421227197347
8 0.5298589894242068 0.4301824212271973 0.014336075205640422 0.05892205638474295
6 0.5515099882491187 0.42961857379767826 0.013613396004700353 0.059054726368159206
0 0.6195887191539365 0.4334991708126036 0.012226792009400704 0.059286898839137646
24 0.6379553466509988 0.4323880597014926 0.011980023501762633 0.061210613598673295
53 0.6605170387779083 0.43164179104477607 0.014171562867215041 0.06208955223880597
50 0.6817978848413632 0.4319900497512438 0.012702702702702703 0.06225538971807629
39 0.7039541715628673 0.4304145936981758 0.012426556991774381 0.05960199004975124
65 0.7482843713278495 0.43258706467661695 0.014500587544065805 0.06396351575456054
7 0.7701468860164512 0.430514096185738 0.014153936545240893 0.05981757877280265
9 0.7922737955346651 0.4307960199004975 0.014077555816686252 0.058839137645107786
0 0.8605052878965922 0.4350248756218905 0.012538190364277321 0.05950248756218906
32 0.8798061104582844 0.4334162520729685 0.0140834312573443 0.0614759535655058
47 0.9013337250293771 0.4318076285240464 0.013842538190364276 0.05930348258706467
63 0.9227790834312573 0.433665008291874 0.014353701527614572 0.06303482587064677
39 0.9440070505287896 0.4316583747927032 0.012408930669800236 0.060033167495854065
65 0.04638660399529965 0.5353565505804312 0.014159811985898944 0.06442786069651742
5 0.06803760282021151 0.5323880597014925 0.014447708578143361 0.057114427860696516
4 0.08988249118683901 0.5319237147595357 0.01427144535840188 0.05859038142620232
0 0.15827262044653348 0.5365174129353234 0.012338425381903642 0.05845771144278607
32 0.17762044653349002 0.5339966832504146 0.014976498237367802 0.06376451077943615
47 0.19970035252643947 0.5314759535655058 0.01427732079905993 0.05943615257048093
63 0.22239717978848414 0.5330679933665008 0.014706227967097533 0.06260364842454395
53 0.24404230317273795 0.533167495854063 0.013871915393654524 0.062122719734660034
65 0.2878084606345476 0.5332338308457711 0.014148061104582842 0.06225538971807629
6 0.3093478260869565 0.5313598673300166 0.013595769682726204 0.05849087893864014
1 0.331304347826087 0.5317578772802654 0.01436545240893067 0.058258706467661694
65 0.09325499412455934 0.6355223880597015 0.01416568742655699 0.06368159203980099
4 0.11756756756756756 0.6332338308457711 0.0141069330199765 0.05694859038142621
0 0.191786133960047 0.6374461028192372 0.01254406580493537 0.05893864013266998
21 0.21326674500587545 0.6327363184079602 0.014265569917743831 0.058640132669983414
58 0.23743830787309048 0.6349917081260364 0.014318448883666275 0.06381426202321724
43 0.2611339600470035 0.632669983416252 0.01353701527614571 0.058524046434494194
62 0.28497062279670976 0.6343283582089553 0.01400705052878966 0.062155887230514094
58 0.3090364277320799 0.6342620232172471 0.014206815511163337 0.06203980099502487
51 0.35646886016451235 0.6343781094527363 0.01427732079905993 0.06170812603648425
53 0.379882491186839 0.6343283582089553 0.013460634547591069 0.061227197346600336
65 0.451903642773208 0.6345936981757878 0.014294947121034077 0.06175787728026534
1 0.47530552291421857 0.6328689883913765 0.01436545240893067 0.058242122719734654
10 0.4997767332549941 0.6329187396351575 0.013578143360752056 0.05927031509121062
2 0.5229318448883666 0.6324543946932006 0.012978848413631023 0.05834162520729685
9 0.5471680376028202 0.6328689883913765 0.013589894242068155 0.058242122719734654
8 0.5951880141010576 0.6327529021558872 0.01445945945945946 0.0584742951907131
4 0.6184312573443008 0.6324543946932006 0.013877790834312575 0.05834162520729685
6 0.641903642773208 0.6327529021558872 0.013760282021151588 0.0584742951907131
5 0.6897708578143361 0.6329519071310117 0.01435957696827262 0.05885572139303483
3 0.7122796709753231 0.6331840796019901 0.012638072855464162 0.06026533996683251
2 0.7367273795534666 0.6329021558872305 0.012032902467685076 0.05970149253731343
7 0.7615804935370153 0.6328524046434495 0.014606345475910693 0.05865671641791045
65 0.09346063454759107 0.7364344941956882 0.014024676850763808 0.060829187396351576
5 0.11748531139835489 0.7345605306799337 0.013954171562867214 0.05996683250414593
0 0.19193889541715628 0.737910447761194 0.012326674500587545 0.05741293532338308
32 0.21340775558166863 0.7354560530679934 0.01400705052878966 0.06097844112769486
43 0.2375264394829612 0.7332504145936981 0.013989424206815511 0.05769485903814262
21 0.2602820211515864 0.7353067993366501 0.011827262044653349 0.06126036484245439
0 0.335235017626322 0.7374626865671642 0.01253231492361927 0.0582089552238806
26 0.3562984723854289 0.7349419568822554 0.013807285546415981 0.06278606965174129
53 0.37991186839012925 0.7351907131011608 0.01416568742655699 0.06273631840796019
52 0.4514394829612221 0.7354560530679934 0.013830787309048178 0.06266998341625207
47 0.4752996474735605 0.7338640132669983 0.014482961222091657 0.059519071310116085
0 0.5258871915393655 0.7370315091210614 0.011568742655699179 0.05862354892205639
15 0.5472385428907168 0.7332338308457711 0.013513513513513514 0.05742951907131012
43 0.5709165687426557 0.7340132669983417 0.013354876615746181 0.05807628524046435
50 0.5942244418331375 0.7355058043117745 0.012579318448883667 0.06250414593698175
63 0.6185957696827261 0.7353067993366501 0.014136310223266745 0.06208955223880597
65 0.68951821386604 0.7354892205638475 0.01374265569917744 0.0629519071310116
10 0.7135605170387779 0.7331343283582089 0.013701527614571093 0.058258706467661694
3 0.7368448883666274 0.7339137645107795 0.012144535840188014 0.05877280265339967
7 0.7615099882491186 0.7339137645107795 0.014247943595769683 0.05877280265339967
5 0.8092361927144536 0.7333996683250414 0.01399529964747356 0.059800995024875625
6 0.8325910693301998 0.7336318407960198 0.014024676850763808 0.05769485903814262
8 0.8802585193889542 0.7340796019900497 0.014195064629847239 0.059635157545605305
9 0.9036603995299647 0.7350248756218906 0.014283196239717978 0.05693200663349917
65 0.0936427732079906 0.836882255389718 0.013989424206815511 0.06104477611940299
6 0.1177497062279671 0.8348922056384743 0.014124559341950645 0.057064676616915416
0 0.19220916568742655 0.8389220563847429 0.012438307873090483 0.0581592039800995
23 0.2127967097532315 0.8366832504145937 0.01225616921269095 0.06265339966832505
50 0.23672737955346654 0.8361857379767828 0.01246180963572268 0.06364842454394694
39 0.2606404230317274 0.8337313432835821 0.012138660399529965 0.05975124378109453
57 0.2853172737955347 0.8355887230514096 0.013407755581668625 0.06245439469320066
43 0.309159811985899 0.8338474295190713 0.014077555816686252 0.05796019900497513
52 0.35656874265569916 0.83681592039801 0.014312573443008226 0.06301824212271974
47 0.3801703877790834 0.8344278606965174 0.01420094007050529 0.05782752902155887
50 0.40280258519388956 0.835854063018242 0.012514688601645124 0.06140961857379768
39 0.42733842538190364 0.8343946932006633 0.012802585193889542 0.05849087893864014
65 0.4998061104582843 0.8360033167495854 0.014024676850763808 0.06170812603648425
8 0.5236545240893067 0.8339137645107795 0.014253819036427733 0.058258706467661694
5 0.5708813160987074 0.8339635157545605 0.014012925969447709 0.05761194029850747
6 0.594994124559342 0.8342122719734659 0.013683901292596945 0.057976782752902155
9 0.6419447708578143 0.8340298507462687 0.013613396004700353 0.05759535655058043
6 0.6893537015276145 0.8339966832504145 0.013877790834312575 0.05807628524046435
1 0.7134077555816687 0.8338805970149253 0.014230317273795534 0.0575290215588723
52 0.7609283196239718 0.8365671641791045 0.014195064629847239 0.06361525704809287
59 0.8090011750881316 0.8364676616915423 0.01381903642773208 0.06271973466003317