89 0.09487628865979382 0.12571675302245253 0.02277319587628866 0.059240069084628665
90 0.09501030927835051 0.22271157167530223 0.02272164948453608 0.05955094991364421
91 0.10041237113402063 0.31753022452504315 0.021628865979381445 0.05844559585492229
92 0.1005979381443299 0.4141278065630397 0.021927835051546392 0.05882556131260795
93 0.10039175257731958 0.5098272884283247 0.02184536082474227 0.059222797927461136
94 0.10029896907216496 0.6054231433506045 0.022 0.06110535405872194
95 0.0999278350515464 0.701139896373057 0.023134020618556704 0.059032815198618305
96 0.1005979381443299 0.7978411053540587 0.021567010309278354 0.058894645941278065
97 0.09993814432989691 0.8943868739205527 0.022474226804123712 0.058963730569948185
98 0.6159278350515465 0.12694300518134716 0.021721649484536084 0.06070811744386874
99 0.6160309278350515 0.2235924006908463 0.02190721649484536 0.060915371329879106
100 0.6161340206185567 0.318860103626943 0.02170103092783505 0.06044905008635579
101 0.6157938144329898 0.4141105354058722 0.022051546391752577 0.058877374784110544
102 0.6159381443298969 0.5103972366148531 0.021927835051546392 0.061122625215889466
103 0.6158350515463917 0.6063730569948186 0.0221340206185567 0.05898100172711571
104 0.6158041237113403 0.7030397236614854 0.0218659793814433 0.05884283246977547
105 0.6158969072164948 0.7988773747841106 0.02184536082474227 0.06088082901554404
106 0.6159484536082475 0.8989810017271157 0.021742268041237113 0.0607426597582038