40 0.08808724832214765 0.6343712574850299 0.02376957494407159 0.19838323353293413
59 0.1268903803131991 0.64 0.02587248322147651 0.20209580838323354
39 0.24014541387024607 0.6380838323353294 0.023076062639821027 0.19089820359281437
92 0.39360178970917226 0.6418562874251497 0.02376957494407159 0.21335329341317366
90 0.6253467561521252 0.6362275449101796 0.02587248322147651 0.20958083832335328
54 0.6998098434004474 0.6343712574850299 0.02376957494407159 0.2058682634730539
39 0.7372035794183445 0.6343712574850299 0.024474272930648768 0.21335329341317366
61 0.7760067114093959 0.6287425149700598 0.02376957494407159 0.20958083832335328
47 0.8141051454138701 0.6343712574850299 0.023076062639821027 0.19089820359281437
57 0.8536129753914988 0.6362275449101796 0.02376957494407159 0.20209580838323354
52 0.16498881431767337 0.64 0.025167785234899327 0.20209580838323354
45 0.2016890380313199 0.6305988023952096 0.023076062639821027 0.19089820359281437
52 0.2778970917225951 0.64 0.02587248322147651 0.20209580838323354
45 0.3170469798657718 0.6305988023952096 0.024474272930648768 0.19838323353293413