12 0.30585748792270534 0.11178247734138973 0.016304347826086956 0.06646525679758308
155 0.3333333333333333 0.1148036253776435 0.01932367149758454 0.07250755287009064
49 0.36141304347826086 0.11555891238670694 0.019927536231884056 0.08006042296072508
120 0.3040458937198068 0.30966767371601206 0.021135265700483092 0.08157099697885196
50 0.3327294685990338 0.3081570996978852 0.01932367149758454 0.08459214501510574
39 0.36231884057971014 0.30966767371601206 0.01932367149758454 0.0755287009063444
12 0.39492753623188404 0.3074018126888218 0.018115942028985508 0.07099697885196375
135 0.42089371980676327 0.311178247734139 0.018115942028985508 0.07854984894259819
120 0.3040458937198068 0.5045317220543807 0.017512077294685992 0.06948640483383686
12 0.3363526570048309 0.5060422960725075 0.018115942028985508 0.07854984894259819
128 0.36292270531400966 0.5045317220543807 0.01932367149758454 0.0755287009063444
57 0.30344202898550726 0.6835347432024169 0.017512077294685992 0.07099697885196375
12 0.3363526570048309 0.6835347432024169 0.01570048309178744 0.07099697885196375
122 0.36231884057971014 0.6850453172205438 0.01932367149758454 0.08006042296072508
12 0.30676328502415456 0.8625377643504532 0.016908212560386472 0.06646525679758308
142 0.3333333333333333 0.8625377643504532 0.018115942028985508 0.07854984894259819
52 0.3632246376811594 0.8648036253776435 0.017512077294685992 0.07099697885196375
12 0.8596014492753623 0.1148036253776435 0.017512077294685992 0.06646525679758308
145 0.884963768115942 0.1148036253776435 0.019927536231884056 0.07250755287009064
119 0.9130434782608695 0.11706948640483383 0.018115942028985508 0.07401812688821752
12 0.8586956521739131 0.3104229607250755 0.01570048309178744 0.0649546827794562
132 0.8843599033816425 0.3104229607250755 0.018719806763285024 0.08006042296072508
45 0.913647342995169 0.3081570996978852 0.018115942028985508 0.07854984894259819
116 0.8559782608695652 0.5037764350453172 0.018719806763285024 0.07099697885196375
12 0.8876811594202898 0.5052870090634441 0.018115942028985508 0.06797583081570997
150 0.9142512077294686 0.5060422960725075 0.01932367149758454 0.0755287009063444
107 0.9426328502415459 0.5037764350453172 0.01932367149758454 0.07401812688821752
12 0.8586956521739131 0.6812688821752266 0.01570048309178744 0.06646525679758308
151 0.8855676328502415 0.68202416918429 0.017512077294685992 0.07099697885196375
119 0.9133454106280193 0.6858006042296072 0.018719806763285024 0.07854984894259819
12 0.8586956521739131 0.8655589123867069 0.01570048309178744 0.06646525679758308
149 0.884963768115942 0.8663141993957704 0.018719806763285024 0.07401812688821752
107 0.9139492753623188 0.8670694864048338 0.016304347826086956 0.07854984894259819