69 0.19631863882443928 0.3152155172413793 0.019095127610208817 0.15418103448275863
45 0.2232018561484919 0.31999999999999995 0.017819025522041763 0.15857758620689655
81 0.19618716163959782 0.5606465517241379 0.01853828306264501 0.16504310344827586
103 0.22242846094354216 0.5632758620689655 0.017463263727764886 0.17034482758620692
76 0.4666821345707656 0.31732758620689655 0.01813611755607115 0.16918103448275862
119 0.4931477184841454 0.314698275862069 0.017532869296210365 0.1638793103448276
87 0.467215777262181 0.5626293103448275 0.018012374323279196 0.15573275862068967
119 0.4931477184841454 0.5596551724137931 0.017532869296210365 0.15642241379310345
85 0.7093503480278422 0.3206465517241379 0.018020108275328694 0.15594827586206897
119 0.7359938128383604 0.31801724137931037 0.01896365042536736 0.16124999999999998
82 0.7727610208816705 0.5606465517241379 0.018716163959783448 0.1584051724137931
119 0.7995282289249807 0.5603017241379311 0.017525135344160867 0.16439655172413795