39 0.10366228070175439 0.2788938053097345 0.03587719298245614 0.03753687315634218
40 0.2731359649122807 0.2795722713864307 0.03587719298245614 0.03352507374631269
41 0.44157894736842107 0.2782300884955752 0.0418640350877193 0.03887905604719764
42 0.6120394736842105 0.2782300884955752 0.043859649122807015 0.0362094395280236
43 0.7806140350877192 0.2782448377581121 0.0362719298245614 0.03346607669616519
44 0.10164473684210526 0.4816224188790561 0.0362719298245614 0.036312684365781715
45 0.27201754385964916 0.48104719764011794 0.0362719298245614 0.03404129793510324
46 0.4411184210526316 0.4807669616519174 0.035416666666666666 0.03346607669616519
47 0.6110745614035087 0.4804867256637168 0.031206140350877196 0.03404129793510324
48 0.7810307017543859 0.4804867256637168 0.0337280701754386 0.03404129793510324
49 0.09995614035087719 0.6322271386430678 0.0362719298245614 0.03687315634218289
50 0.24881578947368418 0.6325221238938054 0.0337280701754386 0.03743362831858407
51 0.4175 0.6319469026548672 0.03879385964912281 0.038569321533923305
52 0.5862061403508771 0.6316666666666666 0.035416666666666666 0.03800884955752212
5 0.7089254385964912 0.6299705014749263 0.03289473684210526 0.03346607669616519
52 0.7569956140350877 0.6310914454277287 0.0362719298245614 0.03687315634218289
52 0.8679166666666667 0.6322271386430678 0.035416666666666666 0.03687315634218289
45 0.9223245614035087 0.6308112094395281 0.034583333333333334 0.03517699115044248
53 0.10458333333333333 0.7913569321533923 0.03710526315789474 0.03970501474926254
54 0.251359649122807 0.7913569321533923 0.03710526315789474 0.03970501474926254
55 0.4200438596491228 0.7907817109144543 0.03710526315789474 0.038569321533923305
56 0.5862061403508771 0.7913569321533923 0.03879385964912281 0.03970501474926254
57 0.7481359649122806 0.7902212389380531 0.035416666666666666 0.03970501474926254
58 0.8906798245614035 0.7890855457227138 0.0337280701754386 0.03970501474926254
59 0.10206140350877192 0.9422566371681417 0.03879385964912281 0.03970501474926254
60 0.25219298245614036 0.9416814159292036 0.04217105263157895 0.038569321533923305
61 0.4183552631578948 0.9405457227138644 0.03710526315789474 0.038569321533923305
62 0.5853508771929825 0.9399852507374631 0.0337280701754386 0.03970501474926254
63 0.7481359649122806 0.9405457227138644 0.035416666666666666 0.036312684365781715
64 0.8881578947368421 0.9405457227138644 0.035416666666666666 0.038569321533923305