107 0.09419354838709677 0.2883236994219653 0.028462998102466792 0.04541425818882466
108 0.09419354838709677 0.3826011560693641 0.033889943074003795 0.04953757225433526
109 0.09419354838709677 0.47412331406551056 0.031176470588235295 0.05092485549132948
110 0.09487666034155598 0.5690944123314066 0.03252371916508539 0.05092485549132948
111 0.09352941176470587 0.6599229287090559 0.03252371916508539 0.04816955684007707
112 0.09216318785578748 0.7535067437379576 0.03523719165085389 0.05092485549132948
113 0.09284629981024668 0.8477842003853564 0.031176470588235295 0.05229287090558767
114 0.09148007590132827 0.9393063583815029 0.031176470588235295 0.04816955684007707
115 0.4859013282732448 0.29177263969171485 0.028462998102466792 0.05229287090558767
116 0.486584440227704 0.3832947976878613 0.03252371916508539 0.04816955684007707
117 0.4838709677419355 0.4748169556840077 0.03252371916508539 0.05229287090558767
118 0.4859013282732448 0.5690944123314066 0.031176470588235295 0.04816955684007707
119 0.48318785578747625 0.661290944123314 0.031176470588235295 0.04816955684007707
120 0.4838709677419355 0.7542003853564547 0.02981024667931689 0.05229287090558767
121 0.48252371916508535 0.8470905587668593 0.02981024667931689 0.05092485549132948