12 0.18818897637795273 0.3875632911392405 0.032401574803149605 0.04060126582278481
147 0.2317716535433071 0.387879746835443 0.038897637795275594 0.04332278481012658
12 0.18885826771653544 0.4810126582278481 0.03633858267716535 0.04338607594936709
148 0.23153543307086616 0.4814240506329114 0.038385826771653545 0.04424050632911392
12 0.1883464566929134 0.5738607594936709 0.0352755905511811 0.036645569620253164
149 0.2311811023622047 0.5730379746835443 0.03590551181102362 0.041329113924050635
12 0.1876771653543307 0.6661392405063291 0.03531496062992126 0.041392405063291136
150 0.23 0.6664556962025316 0.033582677165354326 0.042974683544303796
12 0.1876771653543307 0.7583227848101266 0.031889763779527555 0.04056962025316456
151 0.23149606299212597 0.7575632911392405 0.03543307086614173 0.04278481012658228
12 0.1872047244094488 0.8505379746835442 0.032755905511811026 0.03626582278481013
152 0.23122047244094487 0.8515189873417721 0.03748031496062992 0.042436708860759495
12 0.18799212598425197 0.9432278481012658 0.035393700787401575 0.037784810126582274
153 0.2321259842519685 0.9437974683544305 0.038228346456692916 0.04066455696202532
12 0.5786614173228346 0.3867405063291139 0.031496062992125984 0.04050632911392405
12 0.5782677165354331 0.4818987341772152 0.03283464566929134 0.04110759493670886
12 0.5799212598425197 0.5733227848101266 0.032952755905511805 0.03838607594936709
12 0.5783858267716535 0.6661708860759493 0.034094488188976375 0.04028481012658228
12 0.5794488188976378 0.760126582278481 0.032007874015748033 0.039240506329113925
12 0.5788582677165355 0.8499050632911392 0.03401574803149607 0.0460126582278481
154 0.6201574803149607 0.38768987341772154 0.04074803149606299 0.04585443037974683
155 0.6203149606299213 0.4814873417721519 0.03263779527559055 0.040253164556962026
156 0.6198818897637794 0.572373417721519 0.03177165354330709 0.03993670886075949
157 0.6193700787401575 0.6662974683544304 0.03283464566929134 0.04050632911392405
158 0.6203149606299213 0.7591772151898735 0.03263779527559055 0.04161392405063291
159 0.6204330708661417 0.8514556962025317 0.034960629921259846 0.04063291139240506