65 0.346375 0.2535 0.043390625 0.06542187499999999
1 0.40203125 0.24912499999999999 0.043390625 0.06542187499999999
67 0.35375 0.47340625000000003 0.043390625 0.06542187499999999
75 0.46492187500000004 0.469375 0.043390625 0.06542187499999999
68 0.580734375 0.46796875 0.043390625 0.06542187499999999
80 0.698609375 0.466359375 0.043390625 0.06542187499999999
69 0.8210625 0.46448437499999995 0.043390625 0.06542187499999999
71 0.9453906249999999 0.46448437499999995 0.043390625 0.06542187499999999
82 0.354296875 0.655234375 0.043390625 0.06542187499999999
84 0.46842187500000004 0.65415625 0.043390625 0.06542187499999999
85 0.583625 0.6538906250000001 0.043390625 0.06542187499999999
86 0.70096875 0.6555 0.043390625 0.06542187499999999
66 0.819921875 0.6555 0.043390625 0.06542187499999999
87 0.9415625000000001 0.65496875 0.043390625 0.06542187499999999
65 0.337421875 0.057046875 0.043390625 0.06542187499999999
2 0.3935 0.05421875 0.043390625 0.06542187499999999
65 0.515578125 0.04903125 0.043390625 0.06542187499999999
3 0.573546875 0.04290625 0.043390625 0.06542187499999999