65 0.09659375 0.053984374999999994 0.048296875 0.071015625
65 0.279921875 0.04878125 0.048296875 0.071015625
65 0.47367187499999996 0.047734375 0.048296875 0.071015625
65 0.668984375 0.044390625 0.048296875 0.071015625
65 0.8676406249999999 0.04215625 0.048296875 0.071015625
3 0.157984375 0.052875000000000005 0.048296875 0.071015625
4 0.34325 0.04840625 0.048296875 0.071015625
5 0.5374531250000001 0.0450625 0.048296875 0.071015625
6 0.735 0.046171875 0.0460625 0.071015625
7 0.9370156250000001 0.04059375 0.0460625 0.071015625
85 0.166859375 0.6880625 0.041296875 0.063609375
75 0.046328125 0.490515625 0.041296875 0.063609375
68 0.164625 0.493859375 0.041296875 0.063609375
80 0.28571875 0.49275 0.046875 0.063609375
69 0.408484375 0.49609375 0.046875 0.063609375
71 0.53571875 0.498328125 0.044640625 0.063609375
72 0.66071875 0.49609375 0.044640625 0.063609375
70 0.7901875 0.501671875 0.044640625 0.063609375
76 0.9174218749999999 0.50278125 0.044640625 0.063609375
84 0.046328125 0.685828125 0.041296875 0.063609375
86 0.287390625 0.690296875 0.041296875 0.063609375
66 0.40904687500000003 0.69253125 0.041296875 0.063609375
87 0.5318125 0.698109375 0.041296875 0.063609375
73 0.719875 0.701453125 0.044640625 0.063609375
88 0.8459843749999999 0.704796875 0.044640625 0.063609375
83 0.9765625 0.7115 0.044640625 0.063609375