88 0.42532812499999995 0.6921406250000001 0.05065625 0.07646875
71 0.10132812499999999 0.478734375 0.05065625 0.07646875
72 0.22703125000000002 0.48140625000000004 0.05065625 0.07646875
70 0.36148437499999997 0.48445312500000004 0.05065625 0.07646875
76 0.49098437500000003 0.48445312500000004 0.05065625 0.07646875
77 0.6212500000000001 0.4833125 0.05065625 0.07646875
78 0.7549375 0.48559374999999994 0.05065625 0.07646875
79 0.89434375 0.4875 0.05065625 0.07646875
87 0.10487500000000001 0.685984375 0.050249999999999996 0.07423437499999999
73 0.294375 0.690125 0.05065625 0.07646875
83 0.55234375 0.6925625 0.05065625 0.07646875