157 0.55115625 0.47831250000000003 0.100734375 0.150234375
12 0.41957812499999997 0.47831250000000003 0.100734375 0.150234375
158 0.160890625 0.47657812499999996 0.100734375 0.14453125
12 0.050359375 0.075125 0.100734375 0.150234375
151 0.176359375 0.071765625 0.0985 0.14354687500000002
12 0.428359375 0.075125 0.100734375 0.150234375
150 0.554921875 0.068421875 0.09515625 0.136859375
12 0.8092499999999999 0.0681875 0.101546875 0.136375
149 0.9457187499999999 0.06493750000000001 0.09421874999999999 0.129859375
12 0.805640625 0.474234375 0.100734375 0.150234375
156 0.940890625 0.4815625 0.100734375 0.150234375
12 0.039921875 0.478453125 0.079859375 0.14453125