152 0.175421875 0.0703125 0.08096875 0.129265625
12 0.056109374999999996 0.0703125 0.08096875 0.129265625
151 0.54759375 0.06746875 0.08096875 0.129265625
12 0.42259375 0.06746875 0.08096875 0.129265625
12 0.8004374999999999 0.06889062500000001 0.08096875 0.129265625
150 0.9254374999999999 0.064640625 0.08096875 0.129265625
12 0.040484375 0.46662499999999996 0.08096875 0.129265625
159 0.16975 0.470890625 0.08096875 0.129265625
12 0.412640625 0.46946875 0.08096875 0.129265625
158 0.540484375 0.47231249999999997 0.08096875 0.129265625
12 0.800421875 0.46946875 0.08096875 0.129265625
157 0.9282656250000001 0.473734375 0.08096875 0.129265625