65 0.183953125 0.04971875 0.0411875 0.0681875
65 0.37571875 0.051140624999999995 0.0411875 0.0681875
65 0.567484375 0.055406250000000004 0.0411875 0.0681875
8 0.24787499999999998 0.048296875 0.0411875 0.0681875
9 0.43679687500000003 0.051140624999999995 0.0411875 0.0681875
10 0.627140625 0.05682812499999999 0.0411875 0.0681875
49 0.0660625 0.49290625 0.0411875 0.0681875
50 0.186796875 0.49290625 0.0411875 0.0681875
52 0.43679687500000003 0.497171875 0.0411875 0.0681875
51 0.31321875 0.49574999999999997 0.0411875 0.0681875
54 0.561796875 0.500015625 0.0411875 0.0681875
55 0.685375 0.49859375000000006 0.0411875 0.0681875
64 0.1285625 0.694609375 0.0411875 0.0681875