45 0.2211875 0.48243749999999996 0.07112500000000001 0.100703125
65 0.516671875 0.478234375 0.072421875 0.105859375
7 0.612390625 0.475015625 0.072421875 0.105859375
65 0.81328125 0.47409375000000004 0.072421875 0.105859375
5 0.91253125 0.47040625 0.072421875 0.105859375
65 0.510546875 0.931125 0.072421875 0.105859375
3 0.6058749999999999 0.9276249999999999 0.072421875 0.105859375
0 0.214921875 0.9407500000000001 0.072421875 0.105859375
20 0.311125 0.931125 0.077671875 0.105859375
11 0.811421875 0.916265625 0.072421875 0.105859375
52 0.9104374999999999 0.921640625 0.080734375 0.105859375