29 0.3123125 0.486046875 0.08865625 0.128640625
0 0.1983125 0.485234375 0.08865625 0.128640625
0 0.53709375 0.47628125 0.08865625 0.128640625
24 0.6511250000000001 0.47546875 0.08865625 0.128640625
0 0.881 0.46976562499999996 0.08865625 0.128640625
0 0.095703125 0.8918125 0.08865625 0.128640625
36 0.208890625 0.889375 0.08865625 0.128640625
34 0.55403125 0.891 0.08865625 0.128640625
0 0.43757812500000004 0.8942500000000001 0.08865625 0.128640625
0 0.7864687499999999 0.8952031249999999 0.08865625 0.128640625
33 0.901140625 0.8933125000000001 0.08865625 0.128640625