139 0.12631340579710146 0.3548242530755712 0.025625000000000002 0.1221177504393673
12 0.08785024154589371 0.36490333919156415 0.025625000000000002 0.1221177504393673
12 0.21868961352657004 0.34612478031634447 0.025625000000000002 0.1221177504393673
12 0.3776902173913044 0.3392970123022847 0.025625000000000002 0.1221177504393673
12 0.5378653381642512 0.3290597539543058 0.025625000000000002 0.1221177504393673
12 0.698040458937198 0.3205272407732865 0.025625000000000002 0.1221177504393673
12 0.8593900966183575 0.3154042179261863 0.025625000000000002 0.1221177504393673
12 0.8629106280193237 0.690896309314587 0.025625000000000002 0.1221177504393673
12 0.7009752415458937 0.6994288224956063 0.025625000000000002 0.1221177504393673
12 0.5384541062801932 0.7079613356766257 0.025625000000000002 0.1221177504393673
12 0.37769323671497584 0.7130843585237259 0.025625000000000002 0.1221177504393673
12 0.2210386473429952 0.7182073813708261 0.025625000000000002 0.1221177504393673
12 0.21869263285024154 0.9042442882249561 0.025625000000000002 0.1221177504393673
126 0.25858695652173913 0.3392970123022847 0.025625000000000002 0.1221177504393673
124 0.41700181159420285 0.3290597539543058 0.025625000000000002 0.1221177504393673
145 0.5771769323671497 0.3256502636203866 0.025625000000000002 0.1221177504393673
143 0.7379378019323672 0.3171177504393673 0.025625000000000002 0.1221177504393673
134 0.8975271739130435 0.31199472759226715 0.025625000000000002 0.1221177504393673
141 0.9025150966183575 0.6892003514938488 0.028559782608695652 0.1221177504393673
144 0.7394051932367149 0.6926098418277681 0.028559782608695652 0.1221177504393673
124 0.5780555555555555 0.7011423550087873 0.028559782608695652 0.1221177504393673
146 0.41788043478260867 0.707970123022847 0.028559782608695652 0.1221177504393673
122 0.25887983091787437 0.7130931458699473 0.028559782608695652 0.1221177504393673
142 0.25653381642512074 0.9042530755711775 0.028559782608695652 0.1221177504393673