158 0.09871719401520726 0.17755118426334804 0.026512141280353202 0.12863910076274587
12 0.061566102526367426 0.17407868325973505 0.026512141280353202 0.12863910076274587
12 0.24484424822173168 0.16713368125250902 0.026512141280353202 0.12863910076274587
12 0.3895560461123375 0.1590285026093938 0.026512141280353202 0.12863910076274587
12 0.6382904096149129 0.1405058209554396 0.026512141280353202 0.12863910076274587
12 0.7762791268089281 0.12777197912484944 0.026512141280353202 0.12863910076274587
12 0.9139146431199412 0.11966680048173424 0.026512141280353202 0.12863910076274587
12 0.9259443218052489 0.49590124448012846 0.026512141280353202 0.12863910076274587
12 0.7854782928623988 0.5097912484945806 0.026512141280353202 0.12863910076274587
12 0.6435970076036301 0.5167362505018065 0.026512141280353202 0.12863910076274587
12 0.46421142997301934 0.5410477719791249 0.026512141280353202 0.12863910076274587
12 0.2048626441010547 0.5549377759935769 0.026512141280353202 0.12863910076274587
12 0.05378219278881531 0.5618827780008029 0.026512141280353202 0.12863910076274587
156 0.28087319107186653 0.16217984745082298 0.026512141280353202 0.12863910076274587
154 0.4254415011037528 0.1562665596146126 0.026512141280353202 0.12863910076274587
151 0.6734081432425804 0.13382577278201527 0.026512141280353202 0.12863910076274587
149 0.8118359087564385 0.12313930148534726 0.026512141280353202 0.12863910076274587
147 0.9494468972283542 0.11645925331192293 0.026512141280353202 0.12863910076274587
148 0.9621057149865098 0.4892131674026496 0.026512141280353202 0.12863910076274587
150 0.8212288447387786 0.5025732637494982 0.026512141280353202 0.12863910076274587
152 0.6803519744910473 0.5145965475712565 0.026512141280353202 0.12863910076274587
153 0.4990495462349767 0.5332998795664392 0.026512141280353202 0.12863910076274587
157 0.2417954378219279 0.5533400240867121 0.026512141280353202 0.12863910076274587
159 0.09152685798381162 0.5667001204335609 0.026512141280353202 0.12863910076274587