73 0.1587879810938555 0.25820486290739786 0.04681296421336934 0.11703052250387998
85 0.29936191762322756 0.25837040869115363 0.047194463200540174 0.11469218830832902
81 0.4400776502363268 0.25541645111226075 0.047194463200540174 0.11469218830832902
76 0.5798278190411884 0.25098810139679256 0.047194463200540174 0.11469218830832902
69 0.726326806212019 0.2524624935333678 0.047194463200540174 0.11469218830832902
67 0.8699324780553679 0.24950853595447492 0.047194463200540174 0.11469218830832902
75 0.8747501688048617 0.43403000517330576 0.047194463200540174 0.11469218830832902
71 0.7263234301147873 0.43255561303673046 0.047194463200540174 0.11469218830832902
77 0.5807900067521945 0.4355095706156234 0.047194463200540174 0.11469218830832902
74 0.43911208642808913 0.43255561303673046 0.047194463200540174 0.11469218830832902
86 0.2964686022957461 0.43255561303673046 0.047194463200540174 0.11469218830832902
88 0.15575286968264684 0.43403000517330576 0.047194463200540174 0.11469218830832902
83 0.14996961512491558 0.608220382824625 0.047194463200540174 0.11469218830832902
66 0.2935752869682647 0.6126487325400931 0.047194463200540174 0.11469218830832902
82 0.4362187711006077 0.6111743404035179 0.047194463200540174 0.11469218830832902
78 0.5788622552329507 0.6111743404035179 0.047194463200540174 0.11469218830832902
72 0.728251181634031 0.6096999482669425 0.047194463200540174 0.11469218830832902
68 0.8732950708980418 0.610434557682359 0.047194463200540174 0.11469218830832902
80 0.8786022957461175 0.7971753750646664 0.047194463200540174 0.11469218830832902
70 0.728251181634031 0.795700982928091 0.047194463200540174 0.11469218830832902
79 0.5807900067521945 0.7942214174857735 0.047194463200540174 0.11469218830832902
84 0.4342910195813639 0.7927470253491982 0.047194463200540174 0.11469218830832902
87 0.29068534773801485 0.7927418520434557 0.047194463200540174 0.11469218830832902