121 0.13672904935409078 0.18091928700180254 0.02124378933421663 0.04445423593030243
119 0.23621563431599868 0.17695774083717203 0.02368333885392514 0.04643701181654316
117 0.3378519377277244 0.1720088123372722 0.020185491884730043 0.04644101742439415
115 0.44051010268300766 0.16866813538954536 0.02283040741967539 0.04718606048467855
113 0.5449089102351772 0.16309833767274184 0.02690626035110964 0.04842579611456038
111 0.6501275256707518 0.1611195673943521 0.024433587280556477 0.044468255557780896
109 0.7552434580987082 0.15716002403364712 0.02380092745942365 0.04644902864009613
120 0.2366247101689301 0.3093651111556179 0.02450149055978801 0.04882835970358502
118 0.3381583305730374 0.30565391548167437 0.022846969195097714 0.04635689965952333
116 0.443062272275588 0.3024314039655518 0.02340675720437231 0.046072501502102944
114 0.5473120238489566 0.3004245944322051 0.023285856243789333 0.04707590626877629
112 0.6525091089764823 0.29584418185459643 0.024019542894998344 0.044193871419987985
110 0.759821132825439 0.29327258161425995 0.022755879430274926 0.045323452833967555
108 0.8662156343159987 0.2889425195273383 0.02380755216959258 0.04796314840777088
107 0.9390195428949983 0.2870618866412978 0.02514408744617423 0.046709393150410575
99 0.1157634978469692 0.4847646705387542 0.02269791321629679 0.04423593030242339
106 0.21820635972176217 0.483260564790707 0.023113613779397153 0.04624474263969557
95 0.32225902616760516 0.4810634888844382 0.022596886386220604 0.045617865011015425
93 0.4278171579993375 0.4799278990586822 0.021977475985425637 0.04460044061686361
91 0.5330523352103346 0.47672741838574006 0.024865849619079162 0.04698778289605448
89 0.6391719112288837 0.4747826957740838 0.024329248095395828 0.04686360905267375
100 0.1130092745942365 0.6238754255958342 0.02237827095064591 0.0475806128580012
98 0.21856740642596886 0.6218686160624874 0.022797283868830738 0.04858401762467455
105 0.322514077509109 0.6198618065291408 0.023108645246770455 0.04958942519527338
94 0.42785856243789333 0.6187402363308632 0.022550513415038092 0.04901061486080513
92 0.536089764822789 0.6188043260564791 0.022552169592580322 0.04785499699579411
90 0.6430390857899967 0.6170719006609253 0.024231533620404106 0.04824153815341478
101 0.6560367671414375 0.736791508111356 0.023699900629347466 0.04901061486080513
103 0.5456392845313018 0.7380352493490888 0.02467373302418019 0.04893250550771079
97 0.4395876117919841 0.7391888644101743 0.024786353097052002 0.04867414380132185
102 0.6603809208347134 0.8838854396154616 0.02708347134812852 0.05063689164830763
96 0.5495031467373303 0.8856178650110155 0.024973501159324278 0.05025035049068696