138 0.10311701327987974 0.3286660777385159 0.024452518165873214 0.13669611307420496
12 0.06781007266349286 0.33007950530035335 0.024452518165873214 0.13669611307420496
12 0.2393760962164871 0.32270318021201416 0.024452518165873214 0.13669611307420496
12 0.3760711601102481 0.31287102473498235 0.024452518165873214 0.13669611307420496
12 0.5134652969180656 0.29567137809187277 0.024452518165873214 0.13669611307420496
12 0.6494637935354548 0.27847173144876325 0.024452518165873214 0.13669611307420496
12 0.7875544976196442 0.2637279151943463 0.024452518165873214 0.13669611307420496
12 0.9193685793034326 0.25635159010600705 0.024452518165873214 0.13669611307420496
12 0.9256452017038336 0.6446731448763251 0.024452518165873214 0.13669611307420496
12 0.791042345276873 0.6545053003533569 0.024452518165873214 0.13669611307420496
12 0.654347281383112 0.6643374558303887 0.024452518165873214 0.13669611307420496
12 0.5162565772989226 0.6840017667844522 0.024452518165873214 0.13669611307420496
12 0.37886244049110496 0.7012102473498233 0.024452518165873214 0.13669611307420496
12 0.24077173640691554 0.7134982332155476 0.024452518165873214 0.13669611307420496
12 0.06781007266349286 0.7331625441696114 0.024452518165873214 0.13669611307420496
136 0.274683036832874 0.31146643109540634 0.024452518165873214 0.13669611307420496
132 0.4113781007266349 0.30409010600706715 0.024452518165873214 0.13669611307420496
131 0.547376597344024 0.2844257950530036 0.024452518165873214 0.13669611307420496
128 0.6840716612377851 0.27213780918727914 0.024452518165873214 0.13669611307420496
125 0.8200701578551741 0.26230565371024733 0.024452518165873214 0.13669611307420496
123 0.9518842395389626 0.2549293286219081 0.024452518165873214 0.13669611307420496
133 0.9574642946629917 0.6383303886925795 0.024452518165873214 0.13669611307420496
127 0.823558005512403 0.6506183745583038 0.024452518165873214 0.13669611307420496
130 0.6882585818090704 0.6629063604240283 0.024452518165873214 0.13669611307420496
129 0.5515635179153094 0.6776501766784453 0.024452518165873214 0.13669611307420496
135 0.41347281383112006 0.6899381625441696 0.024452518165873214 0.13669611307420496
137 0.27677774993735904 0.7071466431095407 0.024452518165873214 0.13669611307420496
140 0.10311951891756452 0.7243462897526503 0.024452518165873214 0.13669611307420496