39 0.08204889807162535 0.21961221122112212 0.022083333333333333 0.08745049504950494
40 0.18070592286501377 0.21468646864686466 0.022083333333333333 0.08745049504950494
41 0.28107782369146006 0.20566006600660064 0.022083333333333333 0.08745049504950494
42 0.3793939393939394 0.20073432343234324 0.022083333333333333 0.08745049504950494
43 0.47702479338842974 0.19253300330033002 0.022083333333333333 0.08745049504950494
44 0.5736260330578512 0.18433168316831683 0.022083333333333333 0.08745049504950494
45 0.6681749311294766 0.17694719471947196 0.022083333333333333 0.08745049504950494
46 0.7627238292011018 0.1703877887788779 0.022083333333333333 0.08745049504950494
47 0.8569283746556474 0.16300330033003302 0.022083333333333333 0.08745049504950494
48 0.07965220385674932 0.34677392739273927 0.022083333333333333 0.08745049504950494
49 0.18002410468319557 0.3393894389438944 0.022083333333333333 0.08745049504950494
50 0.2790254820936639 0.33036303630363034 0.022083333333333333 0.08745049504950494
51 0.37939738292011016 0.32133663366336634 0.022083333333333333 0.08745049504950494
52 0.4773691460055096 0.3131353135313531 0.022083333333333333 0.08745049504950494
52 0.6065151515151515 0.3041089108910891 0.022083333333333333 0.08745049504950494
11 0.574314738292011 0.3057508250825082 0.022083333333333333 0.08745049504950494
52 0.701404958677686 0.29508250825082505 0.022083333333333333 0.08745049504950494
45 0.7332644628099174 0.29426567656765673 0.022083333333333333 0.08745049504950494
53 0.8281542699724518 0.28688118811881186 0.022083333333333333 0.08745049504950494
54 0.9233884297520661 0.27539603960396036 0.022083333333333333 0.08745049504950494
55 0.07691115702479338 0.4747607260726072 0.022083333333333333 0.08745049504950494
56 0.17865358126721761 0.4657343234323433 0.022083333333333333 0.08745049504950494
57 0.2783402203856749 0.45917491749174916 0.022768595041322316 0.08745049504950494
58 0.3790530303030303 0.4476897689768977 0.022768595041322316 0.08745049504950494
59 0.47771005509641873 0.43948844884488447 0.022768595041322316 0.08745049504950494
60 0.5753409090909091 0.4304620462046205 0.022768595041322316 0.08745049504950494
61 0.6719421487603305 0.42226072607260723 0.022768595041322316 0.08745049504950494
62 0.7678581267217631 0.4107755775577558 0.022768595041322316 0.08745049504950494
63 0.8637741046831956 0.4042161716171617 0.022768595041322316 0.08745049504950494
64 0.07588498622589532 0.6035643564356435 0.022083333333333333 0.08745049504950494
65 0.41271349862258955 0.5719389438943895 0.022768595041322316 0.08745049504950494
2 0.444931129476584 0.5688778877887789 0.022083333333333333 0.08745049504950494
65 0.5437396694214875 0.5582920792079208 0.022768595041322316 0.08745049504950494
3 0.576060606060606 0.5557673267326733 0.022083333333333333 0.08745049504950494
65 0.674194214876033 0.5487376237623762 0.022768595041322316 0.08745049504950494
4 0.7060537190082645 0.5426485148514852 0.022083333333333333 0.08745049504950494
65 0.7704683195592287 0.5419141914191419 0.022768595041322316 0.08745049504950494
5 0.8032300275482094 0.5349999999999999 0.022083333333333333 0.08745049504950494
65 0.8997830578512396 0.5269059405940594 0.022768595041322316 0.08745049504950494
6 0.9304855371900826 0.5226980198019802 0.022083333333333333 0.08745049504950494
65 0.03786845730027548 0.869364686468647 0.022768595041322316 0.08745049504950494
7 0.07231404958677685 0.86513201320132 0.022083333333333333 0.08745049504950494
65 0.17515840220385676 0.8584488448844885 0.022768595041322316 0.08745049504950494
8 0.2090185950413223 0.8536551155115513 0.022083333333333333 0.08745049504950494
65 0.31074035812672174 0.8448019801980198 0.022768595041322316 0.08745049504950494
9 0.34515151515151515 0.843003300330033 0.022083333333333333 0.08745049504950494
65 0.445754132231405 0.8298019801980199 0.022768595041322316 0.08745049504950494
10 0.4796797520661157 0.8281023102310231 0.022083333333333333 0.08745049504950494
65 0.5796280991735537 0.8202475247524752 0.022768595041322316 0.08745049504950494
1 0.6132403581267217 0.8161551155115511 0.022768595041322316 0.08745049504950494