26 0.5681875 0.50496875 0.0880625 0.132109375
11 0.44460937500000003 0.506390625 0.0880625 0.132109375
0 0.32671875 0.5120625000000001 0.0880625 0.132109375
0 0.30115625 0.10723437499999999 0.0880625 0.132109375
18 0.42189062499999996 0.10296875000000001 0.0880625 0.132109375
0 0.679 0.08025 0.0880625 0.132109375
19 0.80684375 0.078828125 0.0880625 0.132109375
0 0.3395 0.919734375 0.0880625 0.132109375
0 0.72728125 0.909796875 0.0880625 0.132109375
0 0.8267187500000001 0.48650000000000004 0.0880625 0.132109375
34 0.46449999999999997 0.9154843749999999 0.0880625 0.132109375
35 0.8494375 0.904125 0.0880625 0.132109375
59 0.085234375 0.933953125 0.0880625 0.13209375
52 0.0681875 0.524859375 0.0880625 0.13209375
43 0.046875 0.124296875 0.0880625 0.13209375
26 0.9517187500000001 0.48650000000000004 0.0880625 0.132109375