39 0.04173814898419864 0.6451685393258427 0.027358916478555304 0.4428089887640449
51 0.08444695259593679 0.6501123595505618 0.02829571106094808 0.4302247191011236
39 0.12547404063205417 0.6356179775280899 0.024898419864559818 0.4334831460674157
39 0.30494356659142213 0.6428089887640449 0.02749435665914221 0.4157303370786517
52 0.34799097065462753 0.6371910112359551 0.02651241534988713 0.45258426966292137
53 0.38974040632054174 0.6484269662921348 0.029413092550790065 0.44303370786516855
39 0.5681715575620767 0.6508988764044944 0.025090293453724606 0.41584269662921347
54 0.6117042889390519 0.6565168539325843 0.028306997742663657 0.44303370786516855
39 0.6533747178329571 0.6332584269662921 0.026196388261851018 0.41258426966292133
57 0.8331715575620768 0.6437078651685393 0.027832957110609482 0.449438202247191
47 0.8754853273137697 0.6444943820224719 0.02700902934537246 0.4350561797752809
57 0.9170767494356659 0.6437078651685393 0.026354401805869076 0.449438202247191
53 0.9607674943566592 0.6437078651685393 0.026670428893905192 0.449438202247191