12 0.10909374999999999 0.143890625 0.037125000000000005 0.054078125
137 0.161359375 0.143890625 0.037125000000000005 0.054078125
12 0.268390625 0.149703125 0.037125000000000005 0.054078125
138 0.318171875 0.149140625 0.037125000000000005 0.054078125
12 0.423546875 0.150515625 0.037125000000000005 0.054078125
134 0.473609375 0.154109375 0.037125000000000005 0.054078125
12 0.5789375 0.155765625 0.037125000000000005 0.054078125
141 0.6281718749999999 0.157703125 0.037125000000000005 0.054078125
12 0.733703125 0.16184375 0.037125000000000005 0.054078125
143 0.784734375 0.161296875 0.039609375 0.054625
12 0.891984375 0.16046875 0.037125000000000005 0.054078125
144 0.94315625 0.16143749999999998 0.038234375 0.054906250000000004
12 0.06882812499999999 0.28190624999999997 0.037125000000000005 0.054078125
126 0.12025 0.280953125 0.037125000000000005 0.054078125
12 0.22628125 0.285421875 0.037125000000000005 0.054078125
122 0.278984375 0.285421875 0.037125000000000005 0.054078125
12 0.38375 0.28925 0.037125000000000005 0.054078125
142 0.43421875 0.29109375000000004 0.037125000000000005 0.054078125
111 0.061750000000000006 0.5331875 0.037125000000000005 0.054078125
112 0.161921875 0.5334531250000001 0.037125000000000005 0.054078125
113 0.26568749999999997 0.53609375 0.037125000000000005 0.054078125
114 0.368921875 0.5374218749999999 0.037125000000000005 0.054078125
115 0.471109375 0.537953125 0.037125000000000005 0.054078125
116 0.57234375 0.53821875 0.037125000000000005 0.054078125
117 0.671734375 0.5416562500000001 0.037125000000000005 0.054078125
118 0.7748437499999999 0.54596875 0.037125000000000005 0.054078125
119 0.8797499999999999 0.549859375 0.037125000000000005 0.054078125
93 0.067296875 0.911984375 0.037125000000000005 0.054078125
94 0.16453125 0.914375 0.037125000000000005 0.054078125
95 0.263859375 0.9185625 0.037125000000000005 0.054078125
105 0.36378125 0.921546875 0.037125000000000005 0.054078125
106 0.46409374999999997 0.92453125 0.037125000000000005 0.054078125
98 0.565234375 0.926921875 0.037125000000000005 0.054078125
99 0.664953125 0.9296093750000001 0.037125000000000005 0.054078125
100 0.76428125 0.933796875 0.037125000000000005 0.054078125
101 0.8674843750000001 0.9361875 0.037125000000000005 0.054078125
102 0.9695 0.9418749999999999 0.037125000000000005 0.054078125