51 0.04212018140589569 0.4840845070422535 0.026655328798185943 0.550281690140845
39 0.08335600907029478 0.4709859154929577 0.025691609977324264 0.5154929577464789
57 0.12705215419501134 0.4905633802816901 0.02582766439909297 0.5376056338028169
39 0.1673015873015873 0.46802816901408445 0.024648526077097502 0.5011267605633802
58 0.3064739229024943 0.4854929577464789 0.026031746031746034 0.5359154929577464
39 0.34726757369614514 0.4764788732394366 0.02486394557823129 0.49253521126760563
40 0.3896598639455782 0.47183098591549294 0.02485260770975057 0.5087323943661971
39 0.432437641723356 0.4709859154929577 0.02354875283446712 0.49
50 0.5707256235827665 0.48887323943661976 0.02453514739229025 0.5426760563380282
39 0.6141836734693878 0.46971830985915497 0.024591836734693878 0.5129577464788733
58 0.6571655328798186 0.49352112676056337 0.025068027210884355 0.5264788732394367
39 0.698265306122449 0.4726760563380282 0.023820861678004537 0.49338028169014086
49 0.8359070294784581 0.48281690140845074 0.024603174603174603 0.5250704225352113
43 0.8794104308390023 0.4691549295774648 0.026088435374149663 0.4977464788732395
57 0.9223356009070295 0.4847887323943662 0.02875283446712018 0.5290140845070422
53 0.9645011337868481 0.4798591549295775 0.025997732426303856 0.5387323943661971