0 0.43021875 0.483703125 0.097703125 0.134953125
27 0.56140625 0.4814375 0.097703125 0.134953125
0 0.834953125 0.468625 0.097703125 0.134953125
0 0.19671875 0.919484375 0.097703125 0.134953125
36 0.32453125 0.90878125 0.097703125 0.134953125
0 0.5941875 0.89784375 0.097703125 0.134953125
37 0.71359375 0.8928750000000001 0.097703125 0.134953125
28 0.95115625 0.46154687499999997 0.09768750000000001 0.134953125
19 0.17475000000000002 0.49184374999999997 0.097703125 0.134953125
26 0.048859375 0.5022031250000001 0.097703125 0.134953125
0 0.158578125 0.079828125 0.097703125 0.134953125
20 0.28684375 0.07195312499999999 0.097703125 0.134953125