50 0.028887627695800226 0.449438202247191 0.026833144154370034 0.40853932584269664
53 0.07017026106696936 0.44438202247191005 0.026833144154370034 0.45966292134831455
50 0.11093076049943247 0.44438202247191005 0.02580022701475596 0.43921348314606745
39 0.15477866061293985 0.4341573033707865 0.024767309875141884 0.41876404494382025
50 0.2909875141884223 0.44438202247191005 0.026833144154370034 0.43921348314606745
39 0.3343359818388195 0.4289887640449438 0.028887627695800226 0.4289887640449438
40 0.3771509648127128 0.4289887640449438 0.02580022701475596 0.3882022471910112
39 0.41946651532349605 0.41876404494382025 0.02166855845629966 0.367752808988764
57 0.5603178206583428 0.43921348314606745 0.026833144154370034 0.4289887640449438
39 0.6005561861520999 0.4289887640449438 0.022701475595913734 0.4289887640449438
54 0.6444154370034052 0.4341573033707865 0.02580022701475596 0.39831460674157304
39 0.6862088535754823 0.4239325842696629 0.026833144154370034 0.41876404494382025
58 0.8236435868331442 0.42842696629213484 0.02695800227014756 0.40730337078651685
39 0.8647900113507377 0.42842696629213484 0.02695800227014756 0.4353932584269663
57 0.909477866061294 0.4424719101123596 0.02553916004540295 0.4353932584269663
39 0.9513393870601589 0.42134831460674155 0.029795686719636776 0.42134831460674155