49 0.05705622932745314 0.29946428571428574 0.023836824696802646 0.22970238095238096
47 0.09909592061742006 0.2953571428571428 0.02509371554575524 0.21791666666666668
50 0.13922822491730982 0.3 0.0238257993384785 0.23440476190476192
53 0.18192943770672546 0.30160714285714285 0.026405733186328554 0.23404761904761906
59 0.31508269018743107 0.30107142857142855 0.02694597574421169 0.2293452380952381
61 0.35659316427783905 0.30267857142857146 0.027144432194046306 0.22898809523809524
47 0.39761852260198455 0.2930357142857143 0.02567805953693495 0.2168452380952381
42 0.5728996692392503 0.2925595238095238 0.026626240352811466 0.21172619047619048
60 0.6139029768467474 0.29857142857142854 0.025788313120176407 0.22363095238095237
42 0.6554906284454245 0.2920238095238095 0.02543550165380375 0.2069047619047619
41 0.829393605292172 0.29017857142857145 0.024608599779492833 0.2105952380952381
42 0.8713891951488424 0.2918452380952381 0.025082690187431093 0.21023809523809525
58 0.05792723263506064 0.662797619047619 0.02555678059536935 0.22434523809523807
39 0.09796030871003307 0.6569642857142858 0.0240683572216097 0.2093452380952381
57 0.13998897464167584 0.6645833333333334 0.02597574421168688 0.2313690476190476
39 0.1802866593164278 0.653452380952381 0.02442116868798236 0.20571428571428574
54 0.31523704520396917 0.6589285714285714 0.026229327453142225 0.2267261904761905
59 0.35599779492833517 0.6589285714285714 0.026229327453142225 0.2267261904761905
57 0.3977508269018743 0.6604166666666667 0.02572216097023153 0.22636904761904764
53 0.43928335170893057 0.6587500000000001 0.02664829106945976 0.22970238095238096
59 0.5724696802646086 0.6587500000000001 0.026163175303197353 0.22970238095238096
54 0.6145975744211688 0.66125 0.026405733186328554 0.22470238095238096
53 0.6559426681367145 0.6626190476190476 0.02572216097023153 0.2273809523809524
54 0.8299448732083793 0.6619642857142857 0.026637265711135612 0.22839285714285712
59 0.8713450937155457 0.6617857142857143 0.025788313120176407 0.22839285714285712
52 0.9129327453142226 0.660952380952381 0.0261742006615215 0.2267261904761905
53 0.9534288864388093 0.6641071428571428 0.026240352811466375 0.23714285714285716