20 0.284796875 0.43962500000000004 0.04971875 0.08096875
0 0.2109375 0.43820312499999997 0.04971875 0.08096875
21 0.51775 0.43820312499999997 0.04971875 0.08096875
0 0.4453125 0.43962500000000004 0.04971875 0.08096875
0 0.05184375 0.689625 0.04971875 0.08096875
0 0.3671875 0.69246875 0.04971875 0.08096875
0 0.600140625 0.6953125 0.04971875 0.08096875
0 0.206671875 0.9453125 0.04971875 0.08096875
0 0.443890625 0.9438906250000001 0.04971875 0.08096875
26 0.125703125 0.689625 0.04971875 0.08096875
19 0.20525000000000002 0.688203125 0.0525625 0.08096875
27 0.43962500000000004 0.69246875 0.0525625 0.08096875
28 0.673296875 0.694609375 0.053984374999999994 0.085234375
36 0.28195312499999997 0.939625 0.0525625 0.08096875
37 0.51490625 0.9438906250000001 0.0525625 0.08096875