0 0.040101010101010096 0.530495867768595 0.04594837261503928 0.584297520661157
13 0.11427609427609427 0.4869421487603306 0.04769921436588103 0.5748760330578513
50 0.19911335578002246 0.5192561983471075 0.050617283950617285 0.6137190082644629
51 0.283973063973064 0.5089256198347107 0.051672278338945006 0.6188429752066116
39 0.3670482603815937 0.48429752066115705 0.04778900112233445 0.5782644628099174
0 0.5432210998877666 0.5248760330578512 0.04757575757575758 0.5730578512396695
30 0.6180359147025813 0.5071900826446281 0.048978675645342314 0.6153719008264462
43 0.70334455667789 0.48140495867768596 0.04720538720538721 0.5724793388429752
63 0.7861503928170596 0.5150413223140496 0.054006734006734 0.6225619834710744
43 0.8697643097643099 0.4866115702479339 0.04813692480359147 0.5828099173553719
57 0.9527272727272728 0.5194214876033058 0.051054994388327724 0.6138842975206612