52 0.46945312499999997 0.5078125 0.0525625 0.08096875
39 0.22939062500000001 0.24929687500000003 0.0525625 0.08096875
40 0.388484375 0.252140625 0.0525625 0.08096875
41 0.54615625 0.252140625 0.0525625 0.08096875
42 0.700984375 0.25071875 0.0525625 0.08096875
43 0.857234375 0.25071875 0.0525625 0.08096875
11 0.23650000000000002 0.5064062500000001 0.0525625 0.08096875
52 0.31178125 0.5064062500000001 0.0525625 0.08096875
45 0.54615625 0.50496875 0.0525625 0.08096875
53 0.703828125 0.5078125 0.0525625 0.08096875
54 0.860078125 0.5078125 0.0525625 0.08096875
64 0.232234375 0.752125 0.0525625 0.08096875