52 0.03125 0.644890625 0.05965625 0.09375
45 0.121703125 0.6481874999999999 0.05965625 0.09375
41 0.11595312499999999 0.35625 0.05965625 0.09375
42 0.296046875 0.35625 0.05965625 0.09375
43 0.47121874999999996 0.352953125 0.05965625 0.09375
44 0.652140625 0.3513125 0.05965625 0.09375
45 0.837578125 0.348015625 0.063765625 0.09375
53 0.299328125 0.647359375 0.05965625 0.09375
54 0.47531249999999997 0.6440625 0.05965625 0.09375
55 0.65459375 0.6424218749999999 0.061296874999999994 0.09375
56 0.839203125 0.64325 0.06540625 0.09375