138 0.110359375 0.119140625 0.03515625 0.05078125
12 0.0625 0.119140625 0.03515625 0.05078125
12 0.205078125 0.120125 0.03515625 0.05078125
134 0.251953125 0.119140625 0.03515625 0.05078125
12 0.348640625 0.1171875 0.03515625 0.05078125
141 0.396484375 0.11621875 0.03515625 0.05078125
12 0.490234375 0.119140625 0.03515625 0.05078125
143 0.54003125 0.118171875 0.03515625 0.05078125
12 0.634765625 0.115234375 0.03515625 0.05078125
144 0.68359375 0.114265625 0.03515625 0.05078125
122 0.07520312500000001 0.24609375 0.03515625 0.0546875
12 0.02734375 0.24707812499999998 0.03515625 0.0546875
142 0.2211875 0.24365625 0.036125000000000004 0.05175
12 0.171375 0.242671875 0.036125000000000004 0.05175
113 0.071578125 0.477828125 0.03528125 0.048390625
114 0.168359375 0.47681250000000003 0.03528125 0.048390625
96 0.168359375 0.47681250000000003 0.03528125 0.048390625
115 0.26259375 0.47534375000000006 0.03528125 0.048390625
116 0.35878125 0.47290625000000003 0.03528125 0.048390625
117 0.4515625 0.47143750000000006 0.03528125 0.048390625
100 0.4515625 0.47143750000000006 0.03528125 0.048390625
118 0.5453125 0.46948437500000006 0.03528125 0.048390625
119 0.641015625 0.46948437500000006 0.03528125 0.048390625
120 0.737703125 0.46801562499999994 0.03234375 0.048390625
104 0.737703125 0.46801562499999994 0.03234375 0.048390625
95 0.08259375 0.84040625 0.03125 0.046875
105 0.17634375 0.83928125 0.03125 0.05134375
106 0.26953125 0.8370468750000001 0.032359375 0.05134375
98 0.36328125 0.8348281249999999 0.030140624999999997 0.049109375
99 0.459265625 0.8365 0.036828125 0.052453125
100 0.552453125 0.835375 0.033484375 0.047984375
101 0.6484375 0.8376093750000001 0.033484375 0.045765625
102 0.743296875 0.8348281249999999 0.033484375 0.049109375