110 0.097296875 0.300421875 0.04403125 0.06392187499999999
93 0.097296875 0.300421875 0.04403125 0.06392187499999999
111 0.220171875 0.29757812499999997 0.04403125 0.06392187499999999
112 0.34587500000000004 0.294734375 0.04403125 0.06392187499999999
113 0.474421875 0.29118750000000004 0.04403125 0.06392187499999999
114 0.601546875 0.2890625 0.04403125 0.06392187499999999
96 0.601546875 0.2890625 0.04403125 0.06392187499999999
115 0.7329375 0.28621875 0.04403125 0.06392187499999999
116 0.8636250000000001 0.28053125 0.04403125 0.06392187499999999
92 0.109375 0.783375 0.0411875 0.0625
93 0.23117187499999997 0.783375 0.04190625 0.06534375
94 0.35759375000000004 0.780890625 0.046171875 0.066046875
95 0.48367187500000003 0.780546875 0.042609375 0.06392187499999999
105 0.6104375 0.782671875 0.040484375 0.066765625
106 0.73934375 0.783734375 0.045453125 0.0703125
98 0.87109375 0.78125 0.043328125 0.0681875