55 0.5056875 0.493609375 0.053984374999999994 0.078125
41 0.053984374999999994 0.243609375 0.053984374999999994 0.078125
42 0.203125 0.2421875 0.053984374999999994 0.078125
43 0.355109375 0.246453125 0.053984374999999994 0.078125
44 0.508515625 0.24787499999999998 0.053984374999999994 0.078125
45 0.65625 0.24929687500000003 0.048296875 0.078125
46 0.8068125 0.2535625 0.048296875 0.078125
47 0.955953125 0.254984375 0.048296875 0.078125
53 0.20168750000000002 0.49220312499999996 0.048296875 0.078125
54 0.35367187499999997 0.49220312499999996 0.048296875 0.078125
56 0.656234375 0.497890625 0.053984374999999994 0.078125
57 0.8067968750000001 0.4993125 0.053984374999999994 0.078125
58 0.95665625 0.5007343750000001 0.04971875 0.078125