44 0.056437499999999995 0.26575000000000004 0.05859375 0.088453125
45 0.21218750000000003 0.26765625000000004 0.05859375 0.088453125
46 0.368640625 0.268203125 0.05859375 0.088453125
47 0.5231874999999999 0.270921875 0.05859375 0.088453125
48 0.6755625000000001 0.272546875 0.05859375 0.088453125
49 0.8317343749999999 0.27309375 0.05859375 0.088453125
50 0.9749531250000001 0.277765625 0.050078124999999994 0.08803125
55 0.050484375000000005 0.5171875 0.05859375 0.088453125
56 0.207515625 0.5188906249999999 0.05859375 0.088453125
57 0.36539062499999997 0.518046875 0.05859375 0.088453125
58 0.5198750000000001 0.517625 0.05859375 0.088453125
59 0.6760625 0.522734375 0.05859375 0.088453125
60 0.827984375 0.5201875 0.05859375 0.088453125