45 0.19407407407407407 0.20119741100323627 0.12211640211640211 0.1148220064724919
39 0.3716931216931217 0.19818770226537216 0.09941798941798942 0.1134304207119741
58 0.5591534391534392 0.20233009708737865 0.11148148148148149 0.11249190938511326
39 0.7340740740740741 0.19957928802588998 0.10613756613756613 0.10695792880258899
63 0.19068783068783068 0.5175404530744336 0.12291005291005291 0.11414239482200648
39 0.36941798941798937 0.5170873786407767 0.11 0.10398058252427185
58 0.5572486772486772 0.5163754045307444 0.11523809523809525 0.11647249190938512
39 0.7337037037037036 0.5133980582524271 0.1129100529100529 0.11135922330097087
46 0.1646031746031746 0.829514563106796 0.10851851851851853 0.11857605177993527
39 0.3411111111111111 0.8297411003236246 0.10624338624338624 0.11440129449838188
58 0.5274074074074074 0.8318122977346277 0.10846560846560846 0.11394822006472492
47 0.7019576719576719 0.8248867313915857 0.10989417989417989 0.10932038834951456