45 0.15854947756607252 0.4254037267080745 0.023718500307314077 0.3705590062111801
93 0.19665642286416718 0.42130434782608694 0.026170866625691454 0.3622360248447205
39 0.23188690842040563 0.4119875776397515 0.022888752304855563 0.3643478260869565
57 0.26733251382913337 0.42130434782608694 0.024111862323294406 0.37881987577639753
40 0.5236078672403196 0.4047204968944099 0.024474492931776275 0.41192546583850925
93 0.5600737553779963 0.4233540372670807 0.023650891210817454 0.4077639751552795
63 0.596539643515673 0.4047204968944099 0.022827289489858637 0.41192546583850925
39 0.6307498463429625 0.4016149068322981 0.021591886908420406 0.38503105590062114
50 0.8578365089121082 0.3922981366459627 0.022987092808850643 0.3870807453416149
93 0.8959373079287032 0.41509316770186333 0.025439459127228028 0.39124223602484476
39 0.9292317148125383 0.4047204968944099 0.024406883835279655 0.41192546583850925
49 0.966619545175169 0.4078260869565217 0.023380454824830976 0.4388198757763975