39 0.04681856540084388 0.3315527950310559 0.029924050632911394 0.123768115942029
40 0.1452320675105485 0.3315527950310559 0.030540084388185652 0.123768115942029
41 0.2453248945147679 0.3315527950310559 0.03453164556962025 0.123768115942029
42 0.3453164556962025 0.3315527950310559 0.031983122362869196 0.123768115942029
43 0.4456286919831224 0.32948240165631465 0.03217721518987342 0.11962732919254658
44 0.546464135021097 0.3297515527950311 0.03131645569620253 0.11496894409937888
45 0.6444472573839662 0.33026915113871635 0.031088607594936712 0.1263561076604555
46 0.7423291139240507 0.33258799171842646 0.032759493670886076 0.12583850931677018
47 0.8411645569620253 0.3292339544513458 0.03421940928270042 0.12428571428571429
48 0.9411561181434599 0.3315527950310559 0.03167932489451477 0.123768115942029
49 0.047350210970464136 0.8200207039337474 0.028869198312236288 0.1275983436853002
50 0.1452320675105485 0.821304347826087 0.030540084388185652 0.1250103519668737
51 0.24680168776371306 0.8202691511387163 0.03326582278481013 0.12293995859213251
52 0.3462700421940928 0.8189855072463768 0.031772151898734176 0.12552795031055902
53 0.4450970464135022 0.8200207039337474 0.033232067510548524 0.1275983436853002
54 0.5456202531645569 0.8200207039337474 0.029628691983122363 0.1275983436853002
55 0.6440253164556962 0.8150931677018634 0.03024472573839663 0.1332919254658385
56 0.7423291139240507 0.8187163561076605 0.032759493670886076 0.1301863354037267
57 0.8423206751054853 0.8189855072463768 0.03021097046413502 0.12552795031055902
58 0.9405232067510548 0.8192339544513457 0.03462447257383967 0.12086956521739131