39 0.05366745283018868 0.22586757990867581 0.022488207547169813 0.07408675799086759
40 0.1480070754716981 0.22614155251141552 0.022558962264150943 0.07394977168949772
41 0.24431603773584906 0.2260958904109589 0.02359669811320755 0.07292237442922375
42 0.3392570754716981 0.22643835616438357 0.024964622641509435 0.07406392694063926
43 0.4335377358490566 0.22579908675799087 0.024787735849056605 0.07324200913242009
44 0.5265566037735849 0.2262785388127854 0.025070754716981135 0.07376712328767124
45 0.6208254716981132 0.22607305936073058 0.025212264150943395 0.07381278538812786
46 0.7152004716981132 0.22618721461187213 0.024834905660377358 0.07356164383561643
47 0.8096344339622642 0.22607305936073058 0.024834905660377358 0.07381278538812786
48 0.9037971698113207 0.22602739726027396 0.024917452830188678 0.07301369863013699
49 0.05357311320754717 0.543013698630137 0.022653301886792453 0.07769406392694064
50 0.1478183962264151 0.5438127853881278 0.022724056603773586 0.07842465753424657
51 0.2440683962264151 0.54324200913242 0.025825471698113205 0.07773972602739726
52 0.3389504716981132 0.5435159817351598 0.024787735849056605 0.07828767123287671
53 0.4335259433962264 0.5422602739726027 0.024799528301886795 0.08079908675799087
54 0.5266627358490567 0.5412785388127854 0.024834905660377358 0.07837899543378996
55 0.620318396226415 0.5406164383561644 0.026025943396226416 0.07778538812785388
56 0.714870283018868 0.5410730593607306 0.026403301886792453 0.0786986301369863
57 0.8082665094339623 0.5407990867579909 0.024941037735849055 0.07815068493150684
58 0.903313679245283 0.5412328767123288 0.025908018867924525 0.07764840182648401
59 0.05472877358490565 0.8559132420091324 0.024882075471698115 0.07769406392694064
60 0.14862028301886793 0.856027397260274 0.023372641509433963 0.07842465753424657
61 0.2447759433962264 0.8549543378995434 0.024599056603773584 0.0763013698630137
62 0.3390094339622642 0.8545205479452054 0.024799528301886795 0.07641552511415525
63 0.4329127358490566 0.855730593607306 0.025625000000000002 0.07833333333333334
64 0.5262028301886793 0.8542694063926941 0.02600235849056604 0.07888127853881279