58 0.10582812500000001 0.522734375 0.061078125000000004 0.0880625
47 0.10795312500000001 0.24575 0.0568125 0.085234375
48 0.276984375 0.244328125 0.0568125 0.085234375
49 0.44743750000000004 0.24717187499999999 0.0568125 0.085234375
50 0.617890625 0.24717187499999999 0.0568125 0.085234375
51 0.789765625 0.24575 0.0568125 0.085234375
52 0.955953125 0.24859375 0.0568125 0.085234375
59 0.277703125 0.524140625 0.06392187499999999 0.085234375
60 0.44957812500000005 0.52271875 0.06392187499999999 0.085234375
61 0.615765625 0.52271875 0.06392187499999999 0.085234375
62 0.789765625 0.52271875 0.05965625 0.085234375
63 0.9573750000000001 0.5198750000000001 0.05965625 0.085234375