0 0.10570407433881343 0.5914450867052022 0.01888491779842745 0.22982658959537572
32 0.13164403145103645 0.5812138728323699 0.019949964260185846 0.2478612716763006
39 0.15920657612580413 0.5812138728323699 0.019463902787705503 0.2478612716763006
63 0.18707648320228737 0.5895953757225434 0.019621157969978556 0.25173410404624275
51 0.2715939957112223 0.5915028901734104 0.021865618298784847 0.255606936416185
39 0.29899213724088636 0.5870520231213873 0.017891350964974982 0.233757225433526
52 0.32781987133666907 0.5915028901734104 0.019949964260185846 0.255606936416185
53 0.3558541815582559 0.5889595375722544 0.017240886347390995 0.25046242774566474
52 0.3832523230879199 0.5805780346820809 0.019621157969978556 0.24664739884393064
53 0.4096211579699785 0.5863583815028902 0.021522516082916367 0.2453179190751445
53 0.4390779127948535 0.5941040462427746 0.02104360257326662 0.2607514450867052
42 0.46656182987848466 0.5805780346820809 0.01944960686204432 0.24664739884393064
54 0.5225661186561831 0.5902890173410404 0.020271622587562543 0.25312138728323696
53 0.5511579699785562 0.5928323699421966 0.02026447462473195 0.2582658959537572
39 0.6073838456040028 0.5902890173410404 0.018348820586132953 0.25312138728323696
49 0.6348606147248034 0.5896531791907514 0.01929949964260186 0.2646820809248555
53 0.6629735525375268 0.5921965317919076 0.021515368120085778 0.2698265895953757
52 0.7198284488920658 0.5961271676300578 0.017834167262330235 0.24757225433526012
45 0.7470621872766262 0.5896531791907514 0.0197855611150822 0.2646820809248555
0 0.8065546819156539 0.5928323699421966 0.016411722659042175 0.2582658959537572
0 0.8350607576840601 0.5851445086705203 0.017834167262330235 0.2428323699421965
32 0.859842744817727 0.5934682080924856 0.016561829878484632 0.24670520231213872
60 0.888348820586133 0.5941040462427746 0.017984274481772696 0.23514450867052022