0 0.07450477326968974 0.285838779956427 0.012195704057279237 0.07793028322440088
28 0.09440930787589498 0.28403050108932465 0.014069212410501193 0.08100217864923748
39 0.11639618138424822 0.2807843137254902 0.01323985680190931 0.07551198257080609
45 0.13893198090692124 0.28091503267973855 0.014051312649164678 0.07577342047930284
42 0.1610381861575179 0.2807843137254902 0.01373508353221957 0.07549019607843137
39 0.1825417661097852 0.2812636165577342 0.013263723150357995 0.07453159041394336
58 0.20516109785202866 0.2842265795206972 0.014236276849642005 0.08237472766884532
47 0.22735083532219572 0.2811764705882353 0.014862768496420048 0.07529411764705883
52 0.2498747016706444 0.28403050108932465 0.014600238663484486 0.0810239651416122
45 0.2718675417661098 0.28082788671023967 0.014832935560859187 0.07653594771241831
57 0.31596062052505963 0.2837908496732026 0.01425417661097852 0.08228758169934641
39 0.33801909307875894 0.2811111111111111 0.012523866348448686 0.07618736383442265
48 0.4048806682577566 0.28098039215686277 0.01360381861575179 0.07681917211328976
39 0.4268436754176611 0.28106753812636165 0.012708830548926015 0.0737037037037037
51 0.4494272076372315 0.28289760348583876 0.013573985680190932 0.07934640522875817
40 0.4712410501193317 0.2808061002178649 0.01331145584725537 0.07466230936819172
53 0.49462410501193316 0.2833333333333334 0.013424821002386634 0.07925925925925927
56 0.5167959427207637 0.2832897603485839 0.0141527446300716 0.0801525054466231
43 0.5390930787589499 0.2805664488017429 0.01389021479713604 0.0747276688453159
43 0.5607219570405728 0.28137254901960784 0.013681384248210023 0.07431372549019608
57 0.6044988066825776 0.28381263616557734 0.01441527446300716 0.08163398692810457
47 0.6270644391408114 0.2811111111111111 0.013383054892601432 0.07570806100217865
58 0.6488305489260143 0.2835729847494553 0.01461217183770883 0.0811764705882353
43 0.6709665871121718 0.28156862745098044 0.01405727923627685 0.07978213507625272
52 0.7595704057279236 0.283442265795207 0.013848448687350835 0.08065359477124184
39 0.7811276849642005 0.28095860566448805 0.013192124105011933 0.07490196078431373
45 0.803782816229117 0.2811111111111111 0.014498806682577567 0.0745751633986928
58 0.8260143198090693 0.28285403050108937 0.013788782816229117 0.08054466230936819
39 0.8476789976133652 0.28 0.01312052505966587 0.07235294117647059
63 0.8700894988066825 0.2826579520697168 0.014105011933174224 0.0814161220043573
53 0.8915393794749403 0.28287581699346404 0.014039379474940335 0.08246187363834423
52 0.03337708830548926 0.4171459694989107 0.014803102625298329 0.0810239651416122
45 0.05571002386634845 0.4135947712418301 0.01366945107398568 0.07620915032679738
58 0.12208830548926014 0.4164923747276688 0.013985680190930789 0.08023965141612201
43 0.14390811455847255 0.4134858387799564 0.0143854415274463 0.07498910675381264
52 0.16640214797136038 0.4175816993464052 0.013955847255369929 0.08241830065359476
58 0.1884486873508353 0.417516339869281 0.013908114558472552 0.08069716775599128
39 0.25403341288782816 0.41533769063180825 0.013221957040572793 0.07699346405228759
52 0.2769928400954654 0.41688453159041394 0.014266109785202864 0.08108932461873639
45 0.2992183770883055 0.415119825708061 0.014797136038186158 0.07703703703703703
51 0.3440811455847255 0.4169934640522876 0.014922434367541768 0.08128540305010894
45 0.3661694510739857 0.4138779956427015 0.014647971360381862 0.07507625272331155
39 0.3880011933174224 0.4138779956427015 0.013156324582338903 0.07507625272331155
47 0.43305489260143193 0.414640522875817 0.01256563245823389 0.07557734204793028
57 0.45499403341288785 0.41718954248366014 0.01363365155131265 0.08209150326797386
49 0.4773806682577566 0.41664488017429196 0.012285202863961814 0.08159041394335513
39 0.49978520286396183 0.4145533769063181 0.013466587112171838 0.07492374727668845
61 0.5218257756563246 0.41642701525054465 0.0137708830548926 0.07919389978213508
58 0.5442064439140811 0.416078431372549 0.013251789976133651 0.08
0 0.1024582338902148 0.550958605664488 0.012529832935560859 0.07586056644880175
13 0.12172434367541765 0.5452941176470588 0.013192124105011933 0.0773202614379085
50 0.14369928400954654 0.5483442265795206 0.013389021479713605 0.0811111111111111
47 0.16640811455847254 0.5454030501089324 0.014194510739856801 0.07568627450980392
52 0.18871718377088306 0.5488671023965142 0.014194510739856801 0.0830718954248366
0 0.2572852028639618 0.5520697167755991 0.012523866348448686 0.07701525054466231
13 0.2765214797136038 0.5450762527233115 0.013198090692124105 0.07464052287581699
52 0.29939737470167066 0.5490849673202615 0.014278042959427207 0.08311546840958606
53 0.3214140811455848 0.5491503267973856 0.013848448687350835 0.08189542483660131
0 0.3909486873508353 0.5511328976034858 0.012410501193317424 0.07605664488017429
31 0.41043556085918853 0.5481045751633987 0.014325775656324584 0.08174291938997821
47 0.4325715990453461 0.5456644880174292 0.014594272076372315 0.07684095860566449
52 0.45480310262529833 0.5489978213507626 0.0141527446300716 0.08257080610021786
53 0.47760143198090693 0.5481699346405229 0.014069212410501193 0.08093681917211329
39 0.5434128878281623 0.5449019607843137 0.013108591885441527 0.07566448801742919
52 0.566390214797136 0.5479302832244008 0.014439140811455847 0.08172113289760348
45 0.5880668257756564 0.5436165577342048 0.013842482100238663 0.07431372549019608
52 0.6317959427207638 0.547995642701525 0.01389618138424821 0.0806318082788671
39 0.65368138424821 0.5446840958605664 0.012547732696897376 0.07461873638344227
54 0.6764797136038186 0.5479520697167756 0.013693317422434367 0.0811764705882353
47 0.6985560859188544 0.5440958605664489 0.013394988066825776 0.07285403050108932
50 0.7203281622911695 0.5472331154684096 0.012977326968973748 0.08215686274509804
47 0.7427863961813843 0.5433769063180828 0.013776849642004773 0.07625272331154684
52 0.7646300715990453 0.5459259259259259 0.013842482100238663 0.08137254901960785
45 0.7865453460620525 0.5428104575163398 0.01389021479713604 0.075119825708061
54 0.8313305489260143 0.5456209150326797 0.014224343675417661 0.0801525054466231
59 0.8530489260143198 0.5460130718954248 0.013544152744630071 0.08034858387799565
54 0.8749522673031027 0.5460784313725491 0.014892601431980908 0.08167755991285404
59 0.8969033412887828 0.5461437908496732 0.013842482100238663 0.08302832244008715
52 0.9187947494033414 0.545511982570806 0.014176610978520287 0.08235294117647059
58 0.9411396181384247 0.545751633986928 0.014236276849642005 0.08041394335511982
39 0.963054892601432 0.5423747276688453 0.014289976133651551 0.07549019607843137
57 0.033448687350835324 0.6809368191721134 0.014021479713603818 0.08217864923747277
39 0.05562649164677805 0.6775599128540305 0.013394988066825776 0.07544662309368193
48 0.12235680190930787 0.6767755991285402 0.013943914081145585 0.07583877995642702
39 0.14388424821002388 0.6779738562091503 0.013138424821002387 0.07623093681917212
51 0.16638424821002387 0.6807625272331155 0.01428400954653938 0.08180827886710239
40 0.18838902147971362 0.6778213507625273 0.01298329355608592 0.07507625272331155
53 0.2107398568019093 0.682004357298475 0.01425417661097852 0.07917211328976036
56 0.232881861575179 0.6810893246187364 0.013687350835322196 0.07973856209150328
43 0.2556145584725537 0.6786710239651416 0.014164677804295941 0.07440087145969498
43 0.2773747016706444 0.6786928104575163 0.01399164677804296 0.07586056644880175