0 0.37036750483559 0.2499360341151386 0.024358478401031593 0.11607675906183368
0 0.40905222437137334 0.255863539445629 0.02148936170212766 0.11846481876332624
25 0.4427272727272727 0.2487633262260128 0.025789813023855575 0.1279317697228145
17 0.4796196002578981 0.2487633262260128 0.0236428110896196 0.12319829424307037
32 0.5190199871050934 0.25349680170575695 0.025074145712443586 0.1279317697228145
30 0.5555577047066409 0.2487633262260128 0.02650548033526757 0.1279317697228145
27 0.5931656995486783 0.2499360341151386 0.024358478401031593 0.13029850746268656
25 0.669103803997421 0.24756929637526653 0.025789813023855575 0.12556503198294244
13 0.7063571889103804 0.24520255863539445 0.02292714377820761 0.1208315565031983
26 0.7453965183752417 0.25230277185501065 0.025074145712443586 0.1397867803837953
21 0.7833655705996132 0.2487633262260128 0.02220502901353965 0.12319829424307037
24 0.8188265635074146 0.2487633262260128 0.02292714377820761 0.1279317697228145
13 0.8575112830431979 0.2487633262260128 0.02292714377820761 0.11846481876332624
0 0.48785944551901994 0.6076759061833689 0.024358478401031593 0.1208315565031983
0 0.5265441650548033 0.6076759061833689 0.02148936170212766 0.12556503198294244
25 0.5591360412637009 0.6017484008528785 0.025074145712443586 0.1279317697228145
17 0.5985364281108962 0.5982089552238806 0.025074145712443586 0.1208315565031983
32 0.6354352030947775 0.6017484008528785 0.024358478401031593 0.1279317697228145
30 0.672682140554481 0.6017484008528785 0.02148936170212766 0.12319829424307037
27 0.7128046421663442 0.6017484008528785 0.025789813023855575 0.1279317697228145
25 0.7862282398452611 0.6017484008528785 0.02650548033526757 0.1279317697228145
13 0.8227659574468085 0.5946481876332622 0.020773694390715667 0.11846481876332624
26 0.8635976789168279 0.6029424307036246 0.029374597034171505 0.1350319829424307
21 0.8997807865892972 0.5982089552238806 0.02292714377820761 0.12556503198294244
24 0.6028368794326241 0.8055010660980809 0.0236428110896196 0.1279317697228145
13 0.6400902643455835 0.8019402985074627 0.0236428110896196 0.13029850746268656