51 0.049097651421508036 0.49300268096514743 0.02266378244746601 0.1638337801608579
39 0.08412237330037084 0.4974798927613941 0.021285537700865265 0.16085790884718498
57 0.12051915945611867 0.4974798927613941 0.021285537700865265 0.15490616621983916
39 0.1565698393077874 0.49150134048257377 0.021977750309023488 0.14297587131367293
57 0.19365265760197775 0.4974798927613941 0.024721878862793572 0.15490616621983916
39 0.2297095179233622 0.49002680965147455 0.02266378244746601 0.15193029490616622
63 0.26610630407911 0.4989544235924933 0.02403584672435105 0.15788203753351207
39 0.3004388133498146 0.4959785522788204 0.021285537700865265 0.15788203753351207
51 0.409283065512979 0.4959785522788204 0.021977750309023488 0.1638337801608579
39 0.4453399258343634 0.49300268096514743 0.019913473423980223 0.15788203753351207
57 0.4817305315203956 0.4959785522788204 0.02266378244746601 0.15788203753351207
39 0.5174412855377009 0.49300268096514743 0.02266378244746601 0.15788203753351207
57 0.6273176761433868 0.5019302949061663 0.02266378244746601 0.1638337801608579
39 0.6640543881334982 0.4974798927613941 0.021977750309023488 0.15490616621983916
57 0.7001112484548826 0.4989544235924933 0.02266378244746601 0.15788203753351207
39 0.7351297898640297 0.49150134048257377 0.019913473423980223 0.1489544235924933
39 0.8443201483312731 0.49447721179624665 0.02403584672435105 0.15490616621983916
39 0.9167676143386897 0.500455764075067 0.02334981458590853 0.16085790884718498
39 0.08515451174289246 0.7536461126005363 0.021977750309023488 0.1489544235924933
39 0.15588380716934486 0.7551474530831099 0.021977750309023488 0.15788203753351207
57 0.880716934487021 0.5019302949061663 0.02403584672435105 0.1638337801608579
57 0.04841161928306551 0.7581233243967828 0.02403584672435105 0.15788203753351207
63 0.1218912237330037 0.7506702412868632 0.02403584672435105 0.16085790884718498