0 0.06783798576902025 0.546453488372093 0.017952928297755882 0.16624999999999998
0 0.0998631636562671 0.5478779069767442 0.018078817733990147 0.16223837209302328
14 0.12712096332785988 0.534156976744186 0.018544061302681995 0.15973837209302327
39 0.15922276956759715 0.5361918604651162 0.01871373836891078 0.1606686046511628
58 0.19293924466338258 0.5430523255813954 0.020355774493705528 0.17438953488372094
39 0.2236070060207991 0.5333720930232558 0.018237547892720307 0.16130813953488374
57 0.25741105637657363 0.5428779069767442 0.020640394088669953 0.1772093023255814
0 0.3253749315818282 0.5454941860465117 0.018461959496442252 0.16072674418604652
0 0.3576683087027915 0.546453488372093 0.018177339901477834 0.1626453488372093
25 0.38643678160919537 0.5415406976744186 0.02070607553366174 0.17247093023255813
53 0.4185112205801861 0.5421220930232559 0.020859332238642583 0.1736046511627907
56 0.4504269293924466 0.5414244186046512 0.02006568144499179 0.17500000000000002
39 0.4808045977011494 0.5339825581395349 0.018522167487684732 0.1629360465116279
50 0.5124302134646962 0.5401453488372093 0.018308702791461413 0.1752906976744186
0 0.6136288998357964 0.546046511627907 0.01815544608648057 0.15898255813953488
0 0.6458620689655172 0.5435174418604651 0.017564313081554463 0.1595639534883721
14 0.6737164750957855 0.5345348837209302 0.01879584017515052 0.16404069767441862
39 0.7062671045429666 0.5315988372093023 0.018418171866447727 0.1609593023255814
58 0.7399233716475095 0.5391569767441861 0.02005473453749316 0.17049418604651162
39 0.7703940886699507 0.532296511627907 0.018051450465243566 0.1595639534883721
57 0.803656267104543 0.5383139534883721 0.02005473453749316 0.17444767441860465
0 0.8708374384236454 0.5450581395348837 0.018139025725232624 0.1613372093023256
0 0.9021948549534756 0.5461627906976744 0.01772304324028462 0.16415697674418606
26 0.9305582922824303 0.5386627906976744 0.02056376573617953 0.1718313953488372
45 0.9623481116584565 0.5322674418604652 0.020426929392446634 0.16180232558139535
0 0.03371100164203613 0.8250872093023255 0.018522167487684732 0.16154069767441862
0 0.0653311439518336 0.8231976744186047 0.017914614121510672 0.1606686046511628
23 0.09260536398467432 0.8196511627906976 0.018160919540229886 0.17241279069767443
39 0.12406677613574164 0.8111918604651163 0.018866995073891626 0.16270348837209303
40 0.15680897646414887 0.8120348837209301 0.019688013136288998 0.15866279069767442
59 0.18956759715380403 0.8196511627906976 0.02053639846743295 0.17241279069767443
58 0.22182266009852217 0.8183430232558139 0.020640394088669953 0.172703488372093
47 0.2538806787082649 0.8111918604651163 0.020908593322386426 0.15691860465116278
46 0.28609742747673783 0.8115406976744186 0.020399562123700057 0.15619186046511627
39 0.3174329501915709 0.8123255813953488 0.01840175150519978 0.15924418604651164
52 0.3512917350848385 0.8172674418604651 0.021182266009852218 0.16906976744186045