0 0.04365750528541226 0.23806678383128296 0.01962649753347428 0.07804920913884006
32 0.0737984496124031 0.2355887521968366 0.021268498942917546 0.0875395430579965
39 0.10689217758985202 0.2335676625659051 0.020486257928118392 0.08175746924428823
63 0.14207892882311488 0.23576449912126538 0.022466525722339675 0.08437609841827767
53 0.17675828047921072 0.23576449912126538 0.021331923890063425 0.08437609841827767
63 0.24580690627202256 0.2355887521968366 0.021952078928823116 0.0875395430579965
51 0.31479915433403804 0.23550087873462214 0.022466525722339675 0.08630931458699473
39 0.348738548273432 0.232688927943761 0.020556730091613813 0.08351493848857645
45 0.3844538407329105 0.232688927943761 0.02261451726568006 0.08402460456942004
50 0.4174418604651163 0.23507908611599296 0.019795630725863284 0.0878207381370826
39 0.4521705426356589 0.23210896309314585 0.020063424947145875 0.08284710017574692
56 0.48735729386892174 0.23448154657293496 0.022029598308668078 0.0876274165202109
53 0.521613812544045 0.23478031634446397 0.021360112755461593 0.08625659050966608
52 0.5902325581395349 0.23449912126537786 0.022276250880902043 0.0857469244288225
45 0.6242353770260747 0.2314762741652021 0.02153629316420014 0.08036906854130052
57 0.6933403805496829 0.23460456942003516 0.021959126145172658 0.08790861159929701
59 0.7290063424947146 0.23323374340949035 0.022064834390415785 0.08790861159929701
52 0.763185341789993 0.233884007029877 0.022494714587737843 0.08715289982425309
45 0.7978505990133897 0.2301054481546573 0.023065539112050736 0.08161687170474516
49 0.8307892882311487 0.23297012302284711 0.01937984496124031 0.08734622144112479
39 0.8656589147286821 0.22968365553602813 0.01953488372093023 0.08080843585237257
53 0.03941508104298802 0.37557117750439367 0.02178294573643411 0.08827768014059753
54 0.10756871035940803 0.3752372583479789 0.022529950669485554 0.08894551845342706
47 0.14156448202959832 0.3730755711775044 0.022198731501057084 0.08462214411247802
49 0.1755602536997886 0.37530755711775043 0.01970401691331924 0.0877328646748682
53 0.21066948555320647 0.37557117750439367 0.02269203664552502 0.08827768014059753
0 0.043446088794926 0.7931634446397188 0.01966878083157153 0.08103690685413005
32 0.07416490486257928 0.7894727592267134 0.023396758280479213 0.08845342706502636
39 0.10658210007047217 0.7878734622144112 0.020338266384778012 0.08316344463971881
63 0.14214235377026074 0.7895782073813707 0.02186046511627907 0.0865377855887522
53 0.176892177589852 0.7904217926186292 0.020923185341789993 0.08824253075571177
63 0.24576462297392532 0.7912653778558876 0.023713883016208595 0.08992970123022848
51 0.3149260042283298 0.789683655536028 0.021832276250880904 0.0863268892794376
39 0.34834390415785765 0.7862038664323375 0.02004933051444679 0.07980667838312828
45 0.3840873854827343 0.7860105448154657 0.021959126145172658 0.08319859402460457
50 0.4175828047921071 0.789718804920914 0.019887244538407328 0.08683655536028119
39 0.451937984496124 0.7860105448154657 0.020535588442565186 0.08319859402460457
56 0.48717406624383364 0.7894551845342707 0.021437632135306556 0.0863444639718805
53 0.5212755461592671 0.788207381370826 0.022593375616631432 0.08885764499121265
52 0.590246652572234 0.7891564147627416 0.022910500352360814 0.08697715289982426
45 0.6244256518675123 0.7857469244288224 0.02269908386187456 0.08270650263620387
57 0.6938548273431995 0.7876449912126539 0.021916842847075405 0.08646748681898067
59 0.7282593375616632 0.7875746924428823 0.021663143058491895 0.08759226713532514
52 0.763016208597604 0.7878910369068541 0.02109936575052854 0.08697715289982426
45 0.7982522903453136 0.7831810193321617 0.022001409443269906 0.0863444639718805
49 0.8308949964763918 0.7861862917398945 0.019224806201550388 0.08734622144112479
39 0.8656730091613813 0.7837434094903339 0.020225510923185343 0.08119507908611599
53 0.10787174066243833 0.9303163444639719 0.02212121212121212 0.08734622144112479
54 0.17688513037350245 0.9303163444639719 0.022043692741367162 0.08734622144112479
47 0.21088794926004228 0.9272407732864675 0.022283298097251585 0.08119507908611599
49 0.24479210711768853 0.9293145869947276 0.020239605355884423 0.08688927943760984
53 0.2792882311486963 0.9304042179261862 0.022459478505990133 0.08595782073813708