0 0.08701545778834721 0.18304054054054053 0.012972651605231866 0.049135135135135136
15 0.10671819262782402 0.1783783783783784 0.013674197384066587 0.04864864864864865
53 0.12812128418549346 0.17972972972972973 0.014863258026159334 0.04864864864864865
51 0.15101070154577884 0.17905405405405406 0.014268727705112961 0.0445945945945946
51 0.17300832342449465 0.1810810810810811 0.015457788347205707 0.04594594594594595
47 0.19470868014268727 0.17905405405405406 0.013674197384066587 0.0445945945945946
57 0.21789536266349585 0.1783783783783784 0.017241379310344827 0.05405405405405406
57 0.23929845422116527 0.1804054054054054 0.013674197384066587 0.05
47 0.262782401902497 0.1804054054054054 0.013079667063020214 0.052702702702702706
53 0.28418549346016647 0.18243243243243243 0.014268727705112961 0.04864864864864865
52 0.30677764565992865 0.17972972972972973 0.015457788347205707 0.05675675675675676
53 0.35344827586206895 0.1783783783783784 0.014863258026159334 0.05405405405405406
44 0.3745541022592152 0.17972972972972973 0.015457788347205707 0.051351351351351354
0 0.42122473246135556 0.17905405405405406 0.011296076099881093 0.05
20 0.441141498216409 0.17702702702702702 0.014268727705112961 0.051351351351351354
47 0.46343638525564806 0.1777027027027027 0.01605231866825208 0.0472972972972973
45 0.48602853745541025 0.1783783783783784 0.013674197384066587 0.04864864864864865
46 0.5083234244946492 0.17635135135135135 0.013079667063020214 0.0472972972972973
43 0.5303210463733651 0.17635135135135135 0.015457788347205707 0.05
56 0.5526159334126041 0.17567567567567569 0.014863258026159334 0.05675675675675676
0 0.6013674197384067 0.1783783783783784 0.014863258026159334 0.05405405405405406
17 0.6203923900118906 0.17635135135135135 0.013674197384066587 0.0445945945945946
42 0.643281807372176 0.17972972972972973 0.016646848989298454 0.05675675675675676
59 0.6649821640903686 0.17905405405405406 0.014863258026159334 0.05810810810810811
41 0.6884661117717004 0.17567567567567569 0.016646848989298454 0.04594594594594595
39 0.7104637336504162 0.17702702702702702 0.011890606420927468 0.051351351351351354
58 0.7330558858501783 0.1783783783783784 0.016646848989298454 0.05405405405405406
47 0.7553507728894173 0.1783783783783784 0.01605231866825208 0.05405405405405406
53 0.7773483947681332 0.17905405405405406 0.013674197384066587 0.05540540540540541
52 0.7996432818073722 0.17905405405405406 0.015457788347205707 0.0472972972972973
0 0.06450653983353151 0.2628378378378378 0.013674197384066587 0.052702702702702706
0 0.08680142687277051 0.2641891891891892 0.014268727705112961 0.052702702702702706
15 0.1070154577883472 0.26216216216216215 0.013079667063020214 0.043243243243243246
46 0.1278240190249703 0.26013513513513514 0.014268727705112961 0.05
43 0.15041617122473247 0.2648648648648649 0.013079667063020214 0.04864864864864865
42 0.17300832342449465 0.26216216216216215 0.016646848989298454 0.051351351351351354
0 0.10790725326991676 0.34662162162162163 0.01248513674197384 0.0472972972972973
52 0.12812128418549346 0.34662162162162163 0.014863258026159334 0.052702702702702706
39 0.1492271105826397 0.34256756756756757 0.013079667063020214 0.05
49 0.17271105826397146 0.3452702702702703 0.013674197384066587 0.052702702702702706
39 0.19530321046373364 0.34459459459459457 0.013674197384066587 0.04864864864864865
54 0.21730083234244946 0.34459459459459457 0.014863258026159334 0.051351351351351354
39 0.23929845422116527 0.34324324324324323 0.013674197384066587 0.05405405405405406
57 0.2624851367419738 0.3452702702702703 0.013674197384066587 0.0472972972972973
39 0.28418549346016647 0.34459459459459457 0.014268727705112961 0.051351351351351354
57 0.32877526753864444 0.34662162162162163 0.015457788347205707 0.05
63 0.3748513674197384 0.34459459459459457 0.014863258026159334 0.05405405405405406
39 0.39595719381688466 0.3439189189189189 0.013079667063020214 0.0472972972972973
57 0.4408442330558858 0.34256756756756757 0.01605231866825208 0.052702702702702706
39 0.46284185493460167 0.34324324324324323 0.01248513674197384 0.05675675675675676
47 0.5092152199762188 0.34459459459459457 0.014863258026159334 0.051351351351351354
57 0.5312128418549346 0.34594594594594597 0.014863258026159334 0.051351351351351354
49 0.5523186682520809 0.34324324324324323 0.015457788347205707 0.05675675675675676
53 0.5755053507728894 0.34121621621621623 0.016646848989298454 0.05540540540540541
50 0.5969084423305588 0.3418918918918919 0.013079667063020214 0.05405405405405406
39 0.6203923900118906 0.34256756756756757 0.01605231866825208 0.052702702702702706
56 0.6423900118906064 0.3439189189189189 0.013674197384066587 0.052702702702702706
57 0.6658739595719382 0.3452702702702703 0.015457788347205707 0.05
63 0.6881688466111772 0.3439189189189189 0.01248513674197384 0.05540540540540541
47 0.710166468489893 0.3439189189189189 0.01605231866825208 0.0472972972972973
54 0.7318668252080857 0.3439189189189189 0.015457788347205707 0.052702702702702706
57 0.7773483947681332 0.3452702702702703 0.014863258026159334 0.052702702702702706
39 0.7981569560047562 0.34121621621621623 0.013674197384066587 0.05540540540540541
0 0.04221165279429251 0.4263513513513513 0.015457788347205707 0.05
0 0.06450653983353151 0.4283783783783784 0.014863258026159334 0.051351351351351354
28 0.08382877526753864 0.42690540540540545 0.014268727705112961 0.052702702702702706
46 0.10582639714625446 0.42567567567567566 0.015457788347205707 0.04594594594594595
47 0.1272294887039239 0.42905405405405406 0.015457788347205707 0.052702702702702706
50 0.1495243757431629 0.42905405405405406 0.01605231866825208 0.05
47 0.17271105826397146 0.4277027027027027 0.013674197384066587 0.052702702702702706
54 0.19530321046373364 0.4277027027027027 0.014863258026159334 0.052702702702702706
54 0.21730083234244946 0.4263513513513513 0.014863258026159334 0.05540540540540541
47 0.23989298454221164 0.42567567567567566 0.014863258026159334 0.04864864864864865
52 0.2615933412604043 0.4277027027027027 0.014268727705112961 0.05540540540540541
43 0.28478002378121287 0.42702702702702705 0.013079667063020214 0.05405405405405406
0 0.3320451843043995 0.42702702702702705 0.01605231866825208 0.04864864864864865
0 0.35434007134363854 0.42567567567567566 0.013079667063020214 0.051351351351351354
31 0.3751486325802616 0.4277027027027027 0.015457788347205707 0.05
41 0.39625445897740785 0.42567567567567566 0.014863258026159334 0.051351351351351354
47 0.41973840665873957 0.42567567567567566 0.015457788347205707 0.04864864864864865
43 0.4405469678953627 0.425 0.013079667063020214 0.05
52 0.46313912009512487 0.4263513513513513 0.015457788347205707 0.052702702702702706
41 0.4866230677764566 0.42702702702702705 0.013674197384066587 0.05405405405405406
43 0.5080261593341261 0.42567567567567566 0.014863258026159334 0.051351351351351354
0 0.5555172413793104 0.42736486486486486 0.014120095124851368 0.05067567567567568
0 0.5770689655172414 0.42736486486486486 0.014120095124851368 0.05405405405405406
20 0.5978834720570749 0.4260810810810811 0.014887039239001188 0.050702702702702704
47 0.6201724137931035 0.4248918918918919 0.0156064209274673 0.05067567567567568
45 0.6428359096313913 0.42483783783783785 0.016349583828775268 0.052364864864864864
46 0.6647621878715815 0.4239864864864865 0.0156064209274673 0.05067567567567568
0 0.7123246135552914 0.4299054054054054 0.012633769322235434 0.05574324324324324
0 0.7349881093935791 0.42736486486486486 0.0133769322235434 0.05067567567567568
31 0.7546848989298455 0.42905405405405406 0.012633769322235434 0.057432432432432436
41 0.7769797859690845 0.42567567567567566 0.014120095124851368 0.05405405405405406
46 0.7989001189060642 0.42483783783783785 0.0133769322235434 0.05574324324324324
53 0.8208263971462545 0.426527027027027 0.0156064209274673 0.05912162162162162
53 0.8427467300832342 0.4299054054054054 0.014863258026159334 0.05574324324324324
50 0.8657847800237812 0.426527027027027 0.0133769322235434 0.048986486486486486
0 0.08546373365041617 0.5084459459459459 0.0133769322235434 0.05067567567567568
26 0.10627229488703924 0.5101351351351351 0.014863258026159334 0.05067567567567568
39 0.1278240190249703 0.5087837837837837 0.014268727705112961 0.052702702702702706
45 0.1495243757431629 0.5094594594594595 0.014863258026159334 0.051351351351351354
54 0.1718192627824019 0.5074324324324324 0.015457788347205707 0.052702702702702706
39 0.1938168846611177 0.5081081081081081 0.014268727705112961 0.04864864864864865
54 0.21730083234244946 0.5094594594594595 0.014863258026159334 0.051351351351351354
39 0.2390011890606421 0.5081081081081081 0.015457788347205707 0.05405405405405406
39 0.2623365041617122 0.5903783783783784 0.014863258026159334 0.05574324324324324
57 0.2621878715814506 0.5108108108108108 0.013079667063020214 0.04864864864864865
47 0.28478002378121287 0.5094594594594595 0.013079667063020214 0.05405405405405406
51 0.30648038049940546 0.5108108108108108 0.013674197384066587 0.05405405405405406
59 0.32936979785969084 0.5101351351351351 0.016646848989298454 0.05810810810810811
52 0.3522592152199762 0.5087837837837837 0.014863258026159334 0.052702702702702706
53 0.3733650416171225 0.5087837837837837 0.014268727705112961 0.05540540540540541
39 0.41854934601664684 0.5074324324324324 0.015457788347205707 0.05
52 0.441141498216409 0.5128378378378379 0.015457788347205707 0.05810810810810811
45 0.4625445897740785 0.5087837837837837 0.015457788347205707 0.05810810810810811
0 0.5324019024970273 0.5094594594594595 0.013674197384066587 0.051351351351351354
28 0.5532104637336505 0.5094594594594595 0.014863258026159334 0.051351351351351354
46 0.5752080856123662 0.5081081081081081 0.014863258026159334 0.051351351351351354
47 0.5980975029726516 0.5067567567567568 0.016646848989298454 0.04864864864864865
50 0.6197978596908442 0.5108108108108108 0.013674197384066587 0.05405405405405406
47 0.6429845422116528 0.5108108108108108 0.014863258026159334 0.051351351351351354
54 0.6649821640903686 0.5094594594594595 0.014863258026159334 0.05405405405405406
54 0.6875743162901308 0.5094594594594595 0.014863258026159334 0.04864864864864865
47 0.710166468489893 0.5074324324324324 0.013674197384066587 0.05
52 0.7321640903686087 0.5094594594594595 0.014863258026159334 0.04864864864864865
43 0.7538644470868014 0.5067567567567568 0.013079667063020214 0.04864864864864865
0 0.8003864447086801 0.5092972972972973 0.014863258026159334 0.052364864864864864
14 0.8208263971462545 0.5084459459459459 0.014120095124851368 0.05067567567567568
59 0.8431212841854935 0.5092972972972973 0.0156064209274673 0.052364864864864864
57 0.8661593341260405 0.5118243243243243 0.012633769322235434 0.05067567567567568
47 0.8880796670630202 0.5126756756756756 0.0133769322235434 0.052364864864864864
52 0.9111177170035671 0.5118243243243243 0.014863258026159334 0.05405405405405406
43 0.9337871581450654 0.5101351351351351 0.0156064209274673 0.05405405405405406
57 0.9560820451843045 0.5109864864864865 0.0156064209274673 0.05574324324324324
57 0.9783769322235435 0.5109864864864865 0.014120095124851368 0.05574324324324324
0 0.04124851367419738 0.5920675675675675 0.014120095124851368 0.052364864864864864
18 0.06131391200951248 0.5920675675675675 0.0156064209274673 0.05574324324324324
53 0.08323424494649227 0.5920675675675675 0.0133769322235434 0.048986486486486486
56 0.10478596908442331 0.5912162162162162 0.0133769322235434 0.05405405405405406
0 0.15197978596908443 0.5912162162162162 0.012633769322235434 0.05067567567567568
31 0.1724137931034483 0.5912162162162162 0.016349583828775268 0.05067567567567568
53 0.1939655172413793 0.5912162162162162 0.014863258026159334 0.05405405405405406
41 0.2170035671819263 0.589527027027027 0.016349583828775268 0.05405405405405406
47 0.24004161712247324 0.5903783783783784 0.0133769322235434 0.048986486486486486
50 0.28463139120095127 0.5903783783783784 0.016349583828775268 0.052364864864864864
0 0.3310820451843044 0.5912162162162162 0.012633769322235434 0.05067567567567568
54 0.3522592152199762 0.5912162162162162 0.016349583828775268 0.057432432432432436
56 0.37381093935790727 0.5937567567567568 0.014863258026159334 0.05574324324324324
53 0.3964803804994055 0.5912162162162162 0.0156064209274673 0.05067567567567568
45 0.41877526753864447 0.5912162162162162 0.014120095124851368 0.05067567567567568
56 0.4403269916765755 0.5912162162162162 0.0156064209274673 0.05405405405405406
43 0.4633650416171225 0.589527027027027 0.014120095124851368 0.05067567567567568
57 0.4856599286563615 0.5912162162162162 0.014120095124851368 0.057432432432432436
57 0.5083234244946492 0.5903783783783784 0.014863258026159334 0.05912162162162162
52 0.5752080856123662 0.6722972972972973 0.0178359096313912 0.05405405405405406
39 0.5971343638525565 0.6731486486486487 0.014120095124851368 0.052364864864864864
0 0.6004756242568371 0.5954459459459459 0.0133769322235434 0.048986486486486486
0 0.6224019024970274 0.5937567567567568 0.014120095124851368 0.05574324324324324
28 0.6417241379310346 0.5920675675675675 0.014120095124851368 0.05574324324324324
40 0.6647621878715815 0.589527027027027 0.014120095124851368 0.05067567567567568
57 0.6878002378121285 0.5929054054054054 0.014120095124851368 0.05405405405405406
42 0.7100951248513675 0.5929054054054054 0.0156064209274673 0.05405405405405406
39 0.7762366230677765 0.5903783783783784 0.0156064209274673 0.052364864864864864
58 0.7977883472057076 0.5929054054054054 0.0156064209274673 0.05067567567567568
0 0.06316884661117717 0.6756756756756757 0.014863258026159334 0.05067567567567568
51 0.08286563614744352 0.6731486486486487 0.0156064209274673 0.05574324324324324
39 0.10516052318668252 0.6756756756756757 0.0156064209274673 0.05405405405405406
49 0.1270808561236623 0.6748378378378378 0.014863258026159334 0.048986486486486486
39 0.1493757431629013 0.6731486486486487 0.0133769322235434 0.052364864864864864
58 0.17167063020214032 0.6731486486486487 0.0133769322235434 0.052364864864864864
47 0.19470868014268727 0.6722972972972973 0.014863258026159334 0.05405405405405406
0 0.24152794292508917 0.676527027027027 0.0133769322235434 0.048986486486486486
19 0.2608501783590963 0.6722972972972973 0.014863258026159334 0.05405405405405406
39 0.2838882282996433 0.6714594594594595 0.016349583828775268 0.052364864864864864
56 0.30618311533888226 0.6722972972972973 0.014863258026159334 0.05405405405405406
42 0.3284780023781213 0.6739864864864865 0.0133769322235434 0.05067567567567568
43 0.3515160523186682 0.6731486486486487 0.0133769322235434 0.052364864864864864
52 0.37492865636147443 0.6748378378378378 0.017092746730083236 0.052364864864864864
0 0.4210047562425684 0.676527027027027 0.014120095124851368 0.052364864864864864
15 0.44107015457788346 0.6722972972972973 0.012633769322235434 0.0472972972972973
50 0.4622473246135553 0.6722972972972973 0.016349583828775268 0.05405405405405406
59 0.48528537455410226 0.6739864864864865 0.0133769322235434 0.05405405405405406
40 0.5072116527942925 0.6706081081081081 0.014120095124851368 0.05067567567567568
50 0.6413495838287753 0.6731486486486487 0.016349583828775268 0.052364864864864864
47 0.6651307966706302 0.6731486486486487 0.016349583828775268 0.05574324324324324
52 0.6879191438763377 0.6734189189189189 0.014369797859690845 0.05405405405405406
47 0.7097205707491082 0.6734189189189189 0.0133769322235434 0.0472972972972973
57 0.7320154577883472 0.6756756756756757 0.014369797859690845 0.05405405405405406
47 0.7535671819262783 0.6728648648648649 0.01387039239001189 0.05293243243243243
52 0.7761117717003567 0.6751081081081081 0.0133769322235434 0.05067567567567568
39 0.8211950059453033 0.6745540540540541 0.0133769322235434 0.0472972972972973
58 0.8442330558858502 0.6756756756756757 0.014863258026159334 0.04955405405405405
54 0.03860879904875149 0.7574324324324324 0.014268727705112961 0.0472972972972973
39 0.06090368608799049 0.7533783783783784 0.014863258026159334 0.0472972972972973
45 0.08260404280618311 0.754054054054054 0.015457788347205707 0.04864864864864865
39 0.1051961950059453 0.7560810810810811 0.014268727705112961 0.05
52 0.1271938168846611 0.7560810810810811 0.015457788347205707 0.05
42 0.1497859690844233 0.7554054054054054 0.014268727705112961 0.04864864864864865
39 0.1717835909631391 0.7560810810810811 0.014268727705112961 0.052702702702702706
46 0.19378121284185493 0.7554054054054054 0.014268727705112961 0.051351351351351354
47 0.21726516052318667 0.7574324324324324 0.01605231866825208 0.052702702702702706
52 0.2392627824019025 0.7574324324324324 0.014863258026159334 0.05
39 0.2832580261593341 0.7554054054054054 0.013674197384066587 0.04594594594594595
52 0.30555291319857314 0.7554054054054054 0.014268727705112961 0.051351351351351354
45 0.3287395957193817 0.754054054054054 0.013079667063020214 0.04864864864864865
0 0.3763020214030916 0.7581081081081081 0.013079667063020214 0.05405405405405406
25 0.39592152199762193 0.7560810810810811 0.014268727705112961 0.05
39 0.4182164090368609 0.7554054054054054 0.013674197384066587 0.051351351351351354
55 0.4405112960760999 0.754054054054054 0.016646848989298454 0.051351351351351354
59 0.46221165279429255 0.7581081081081081 0.013674197384066587 0.05675675675675676
43 0.48569560047562427 0.7554054054054054 0.014268727705112961 0.05405405405405406
42 0.5085850178359097 0.754054054054054 0.014863258026159334 0.051351351351351354
39 0.5299881093935791 0.7533783783783784 0.013674197384066587 0.05
0 0.5772532699167657 0.7547297297297297 0.013079667063020214 0.05
14 0.5974673008323425 0.754054054054054 0.013079667063020214 0.04864864864864865
0 0.618870392390012 0.7560810810810811 0.014268727705112961 0.05540540540540541
63 0.6423543400713436 0.7560810810810811 0.014863258026159334 0.05540540540540541
0 0.130166468489893 0.8412162162162162 0.013079667063020214 0.05
32 0.14948870392390012 0.8398648648648649 0.013674197384066587 0.05
39 0.17118906064209274 0.8412162162162162 0.014268727705112961 0.05
63 0.19407847800237812 0.8398648648648649 0.014863258026159334 0.05540540540540541
51 0.2609631391200951 0.8418918918918918 0.013079667063020214 0.04864864864864865
39 0.2838525564803805 0.8391891891891892 0.01605231866825208 0.05405405405405406
39 0.30644470868014273 0.8398648648648649 0.01605231866825208 0.052702702702702706
39 0.327550535077289 0.8385135135135136 0.013079667063020214 0.0472972972972973
56 0.3513317479191439 0.8398648648648649 0.015457788347205707 0.052702702702702706
47 0.37332936979785974 0.8385135135135136 0.014268727705112961 0.0472972972972973
54 0.4179191438763377 0.8398648648648649 0.015457788347205707 0.052702702702702706
53 0.43991676575505356 0.8412162162162162 0.014268727705112961 0.052702702702702706
40 0.48450653983353154 0.8371621621621622 0.014268727705112961 0.05540540540540541
39 0.5070986920332937 0.8378378378378378 0.014268727705112961 0.04864864864864865
39 0.5525802615933413 0.8405405405405405 0.01248513674197384 0.04864864864864865
49 0.5742806183115339 0.8418918918918918 0.013079667063020214 0.051351351351351354
53 0.596575505350773 0.8398648648648649 0.014863258026159334 0.05
52 0.6191676575505352 0.8405405405405405 0.014863258026159334 0.05405405405405406
45 0.6423543400713436 0.8378378378378378 0.014863258026159334 0.051351351351351354
51 0.6881331747919144 0.8398648648648649 0.013674197384066587 0.05
39 0.7092390011890607 0.8398648648648649 0.014268727705112961 0.0445945945945946
52 0.7309393579072533 0.8412162162162162 0.013674197384066587 0.05
53 0.7541260404280619 0.8412162162162162 0.014863258026159334 0.05540540540540541
53 0.7752318668252082 0.8405405405405405 0.014268727705112961 0.05675675675675676
42 0.7981212841854934 0.8398648648648649 0.01605231866825208 0.052702702702702706
52 0.8433828775267538 0.8418918918918918 0.017390011890606422 0.051351351351351354
0 0.04068965517241379 0.9236486486486486 0.014863258026159334 0.052702702702702706
0 0.06239001189060642 0.9222972972972973 0.014268727705112961 0.0445945945945946
32 0.08349583828775267 0.922972972972973 0.013674197384066587 0.04864864864864865
60 0.1051961950059453 0.922972972972973 0.013079667063020214 0.051351351351351354
45 0.8657847800237812 0.8403783783783784 0.016349583828775268 0.048986486486486486