0 0.08396734693877551 0.1140084388185654 0.013657142857142857 0.11092827004219409
13 0.10377959183673469 0.10535864978902953 0.013575510204081633 0.11375527426160338
52 0.12724081632653061 0.10767932489451476 0.014938775510204082 0.12037974683544304
45 0.15036734693877551 0.10274261603375529 0.014465306122448979 0.11253164556962027
49 0.1949469387755102 0.10755274261603374 0.013102040816326531 0.12139240506329113
39 0.21891428571428573 0.10426160337552742 0.01313469387755102 0.1160337552742616
47 0.24181224489795922 0.10388185654008439 0.014220408163265308 0.11527426160337553
40 0.2641795918367347 0.10122362869198312 0.012612244897959183 0.11092827004219409
47 0.287730612244898 0.10185654008438819 0.014269387755102041 0.11033755274261603
45 0.3108571428571429 0.10067510548523206 0.014906122448979594 0.10978902953586497
39 0.3330530612244898 0.10206751054852321 0.013673469387755101 0.11071729957805906
52 0.3572408163265306 0.10459915611814345 0.01462857142857143 0.12050632911392405
52 0.4026857142857143 0.10540084388185654 0.01406530612244898 0.11953586497890295
47 0.4255755102040817 0.1019831223628692 0.01419591836734694 0.11270042194092827
0 0.47364897959183677 0.11223628691983123 0.013404081632653062 0.11350210970464135
28 0.49460408163265307 0.10729957805907173 0.014146938775510202 0.12337552742616033
53 0.5176897959183673 0.1081434599156118 0.015012244897959184 0.12375527426160336
50 0.5394938775510204 0.10742616033755274 0.013224489795918367 0.12628691983122362
53 0.5631020408163265 0.11012658227848102 0.014775510204081634 0.11983122362869197
52 0.6089714285714286 0.11029535864978904 0.014710204081632653 0.12000000000000001
39 0.6312244897959184 0.1050210970464135 0.013689795918367347 0.11274261603375527
57 0.6776734693877551 0.11189873417721519 0.014424489795918368 0.12210970464135022
47 0.7011428571428572 0.10641350210970464 0.014963265306122447 0.11443037974683545
0 0.7497714285714286 0.1160337552742616 0.012506122448979593 0.11362869198312237
22 0.7698775510204082 0.10780590717299578 0.014751020408163265 0.1149789029535865
53 0.7921061224489796 0.11320675105485231 0.014318367346938775 0.12021097046413501
46 0.8147428571428571 0.10919831223628691 0.014685714285714285 0.11219409282700422
52 0.8384979591836735 0.11367088607594937 0.014946938775510203 0.12109704641350211
52 0.8612326530612244 0.11320675105485231 0.014881632653061225 0.12021097046413501
63 0.8841632653061223 0.1140084388185654 0.01476734693877551 0.11953586497890295
0 0.038457142857142856 0.30358649789029535 0.013444897959183673 0.11329113924050634
25 0.05882448979591837 0.30168776371308015 0.014448979591836735 0.11814345991561181
39 0.21852244897959183 0.2959915611814346 0.012620408163265307 0.11168776371308016
63 0.24203265306122448 0.2993670886075949 0.014416326530612245 0.11974683544303798
47 0.2876326530612245 0.29451476793248943 0.014179591836734695 0.10873417721518987
57 0.31110204081632653 0.299620253164557 0.014726530612244897 0.12025316455696203
39 0.33322448979591834 0.2957383966244726 0.013444897959183673 0.11122362869198311
52 0.35732244897959187 0.2974683544303797 0.014253061224489797 0.11962025316455696
45 0.3803836734693878 0.2940084388185654 0.014653061224489795 0.11270042194092827
54 0.42515918367346944 0.2989873417721519 0.014702040816326532 0.120084388185654
59 0.44844897959183677 0.29953586497890294 0.013885714285714288 0.11932489451476794
50 0.47014693877551017 0.2989451476793249 0.013534693877551018 0.1190295358649789
47 0.49458775510204084 0.29611814345991566 0.01557551020408163 0.11253164556962027
57 0.5174775510204082 0.2993670886075949 0.01486530612244898 0.1189451476793249
0 0.08396734693877551 0.500253164556962 0.013355102040816327 0.11489451476793248
13 0.10378775510204082 0.4912658227848102 0.013077551020408163 0.11535864978902953
52 0.12728163265306122 0.49544303797468353 0.014922448979591838 0.12451476793248946
45 0.15009795918367347 0.49130801687763714 0.014734693877551022 0.11455696202531646
41 0.19597551020408163 0.4891139240506329 0.01466938775510204 0.11274261603375527
39 0.21865306122448983 0.48957805907172997 0.013518367346938774 0.11105485232067511
49 0.241665306122449 0.49451476793248944 0.013387755102040814 0.120084388185654
43 0.2648408163265306 0.489915611814346 0.01373877551020408 0.11177215189873417
52 0.31106938775510207 0.4936708860759494 0.014726530612244897 0.12046413502109705
39 0.33292244897959183 0.49046413502109704 0.013314285714285713 0.11687763713080168
51 0.37971428571428567 0.4931223628691983 0.014734693877551022 0.11940928270042195
39 0.4023591836734694 0.49 0.013183673469387754 0.11147679324894516
54 0.42533877551020405 0.49345991561181435 0.014718367346938776 0.120084388185654
50 0.4472897959183673 0.49413502109704643 0.01370612244897959 0.12143459915611815
43 0.47104489795918364 0.4905485232067511 0.01453877551020408 0.11172995780590718
60 0.5175020408163266 0.4968776371308017 0.014620408163265305 0.12308016877637132
39 0.5391755102040816 0.49143459915611815 0.01416326530612245 0.11518987341772152
52 0.5628408163265306 0.4974683544303798 0.01429387755102041 0.12135021097046414
47 0.5860571428571428 0.4937130801687764 0.014685714285714285 0.11130801687763713
50 0.6082204081632654 0.4981012658227848 0.013314285714285713 0.120084388185654
50 0.6312897959183674 0.49835443037974686 0.013069387755102042 0.11890295358649788
39 0.6543836734693877 0.4940506329113924 0.013885714285714288 0.1119831223628692
39 0.7003673469387756 0.49548523206751055 0.013289795918367348 0.11413502109704642
63 0.7243020408163265 0.499957805907173 0.014775510204081634 0.12075949367088608
54 0.7691020408163265 0.4982700421940928 0.014465306122448979 0.11974683544303798
39 0.7915102040816326 0.4972995780590717 0.012440816326530612 0.11434599156118144
40 0.8140979591836734 0.49856540084388185 0.012995918367346938 0.11113924050632912
53 0.8384734693877552 0.5025316455696203 0.014685714285714285 0.11793248945147679
56 0.8611102040816325 0.5029957805907173 0.0151265306122449 0.11881856540084389
47 0.8840571428571429 0.4986497890295359 0.015061224489795917 0.11012658227848102
58 0.9068979591836736 0.5021518987341772 0.014791836734693878 0.11827004219409283
53 0.9299673469387756 0.5021518987341772 0.014106122448979594 0.11827004219409283
49 0.035175510204081634 0.6913080168776371 0.013461224489795916 0.11877637130801687
53 0.05897142857142857 0.6921940928270043 0.014677551020408163 0.12059071729957806