65 0.048413793103448274 0.46949494949494947 0.018808777429467086 0.17582491582491583
2 0.07758620689655173 0.45454545454545453 0.02037617554858934 0.16835016835016836
65 0.14240752351097177 0.7335353535353536 0.021498432601880876 0.16835016835016836
2 0.1724137931034483 0.7276430976430976 0.018808777429467086 0.16835016835016836
1 0.2044576802507837 0.7276430976430976 0.018808777429467086 0.16835016835016836
65 0.33333542319749215 0.4657575757575758 0.018808777429467086 0.16835016835016836
3 0.36224451410658304 0.45828282828282835 0.01672100313479624 0.16087542087542087
65 0.4291159874608151 0.7276430976430976 0.019504702194357366 0.17582491582491583
7 0.45976802507836995 0.7257912457912458 0.019504702194357366 0.1720875420875421
8 0.48937931034482757 0.7313804713804714 0.018808777429467086 0.16835016835016836
65 0.6192978056426333 0.4676430976430976 0.02089655172413793 0.15713804713804713
65 0.7147335423197492 0.7332659932659933 0.019504702194357366 0.16461279461279463
65 0.9066520376175548 0.4676430976430976 0.021592476489028213 0.17956228956228956
4 0.6489028213166145 0.46390572390572393 0.02020062695924765 0.1720875420875421
5 0.9366081504702195 0.46390572390572393 0.018808777429467086 0.17956228956228956
9 0.7453855799373041 0.7295286195286195 0.02089655172413793 0.15713804713804713
10 0.774294670846395 0.7313804713804714 0.018808777429467086 0.16087542087542087