65 0.45434175531914894 0.10782608695652174 0.014773936170212765 0.05347826086956521
8 0.4772473404255319 0.10782608695652174 0.014773936170212765 0.05003105590062112
4 0.5226795212765958 0.10697204968944099 0.01699468085106383 0.05175465838509317
6 0.5448404255319149 0.10956521739130436 0.015511968085106381 0.05694099378881988
1 0.5684840425531915 0.11041925465838509 0.01699468085106383 0.05521739130434783
6 0.4994082446808511 0.19841614906832297 0.01625 0.05866459627329193
1 0.522313829787234 0.19669254658385094 0.01625 0.05866459627329193
1 0.5448404255319149 0.1949689440993789 0.01699468085106383 0.05521739130434783
1 0.5902792553191489 0.19754658385093168 0.014773936170212765 0.05694099378881988
1 0.6124401595744681 0.19669254658385094 0.01625 0.05521739130434783
1 0.6357114361702128 0.19669254658385094 0.015511968085106381 0.05521739130434783
40 0.39228723404255317 0.9152795031055901 0.013297872340425532 0.05347826086956521
59 0.41444813829787236 0.913555900621118 0.014773936170212765 0.05347826086956521
57 0.4369813829787234 0.9144254658385093 0.015511968085106381 0.05521739130434783
0 0.48611037234042553 0.9161490683229814 0.014773936170212765 0.05866459627329193
26 0.5060571808510639 0.9152795031055901 0.014773936170212765 0.05347826086956521
53 0.528218085106383 0.9161490683229814 0.014773936170212765 0.062111801242236024
65 0.5747606382978724 0.9144254658385093 0.013297872340425532 0.05521739130434783
10 0.5976662234042553 0.9152795031055901 0.014773936170212765 0.05347826086956521
9 0.6198271276595745 0.913555900621118 0.014773936170212765 0.05694099378881988
8 0.6427327127659574 0.913555900621118 0.014773936170212765 0.05003105590062112