39 0.19905027932960895 0.15198501872659176 0.11262569832402235 0.10756554307116105
51 0.3675977653631285 0.15325842696629213 0.11318435754189946 0.11838951310861423
39 0.5280446927374302 0.15093632958801498 0.10508379888268156 0.10966292134831461
54 0.20340782122905027 0.33089887640449434 0.11385474860335194 0.11576779026217228
59 0.3675977653631285 0.3335955056179775 0.11318435754189946 0.11704119850187265
52 0.5320670391061452 0.3327715355805243 0.10692737430167598 0.1153558052434457
53 0.6971508379888268 0.33441947565543073 0.11435754189944133 0.11868913857677903
51 0.2059217877094972 0.5112359550561798 0.1188268156424581 0.11441947565543072
43 0.3663128491620111 0.510374531835206 0.11072625698324022 0.11277153558052434
57 0.5348603351955307 0.510187265917603 0.10631284916201118 0.11647940074906367
39 0.6949720670391062 0.5076779026217229 0.10379888268156423 0.11149812734082397
52 0.20312849162011173 0.6932209737827716 0.1194413407821229 0.11636704119850187
47 0.37039106145251394 0.6913483146067416 0.11256983240223463 0.11681647940074907
52 0.6951396648044693 0.6959176029962547 0.10843575418994414 0.11764044943820225
39 0.8563687150837989 0.690749063670412 0.10374301675977654 0.11138576779026217
50 0.20094972067039105 0.871685393258427 0.1088826815642458 0.11543071161048689
39 0.3626256983240223 0.8675280898876404 0.10324022346368715 0.10711610486891386
57 0.5332960893854748 0.8746067415730338 0.1094413407821229 0.11295880149812734
53 0.6959217877094972 0.871685393258427 0.11184357541899441 0.11543071161048689
11 0.5501675977653632 0.69 0.10251396648044693 0.11464419475655431