59 0.23899497487437188 0.13898245614035087 0.09608040201005026 0.10729824561403509
54 0.3870854271356784 0.13803508771929826 0.09603015075376885 0.1091578947368421
53 0.5364824120603016 0.13989473684210527 0.09331658291457287 0.10543859649122807
44 0.24005025125628143 0.3042105263157895 0.09819095477386934 0.10164912280701754
39 0.3815075376884422 0.3064210526315789 0.09020100502512562 0.10610526315789473
62 0.5325125628140703 0.30715789473684213 0.10125628140703517 0.10757894736842105
50 0.2350251256281407 0.4745964912280701 0.08281407035175879 0.10635087719298245
39 0.3839195979899498 0.47182456140350876 0.08969849246231157 0.09712280701754386
54 0.5338190954773869 0.47589473684210526 0.09864321608040201 0.11263157894736843
47 0.6784924623115578 0.4716491228070175 0.09698492462311559 0.10045614035087719
57 0.8278894472361809 0.47771929824561404 0.094321608040201 0.10894736842105264
58 0.24030150753768845 0.6444561403508772 0.09341708542713567 0.10624561403508773
39 0.3831155778894472 0.6416842105263157 0.08281407035175879 0.09701754385964911
49 0.5312060301507537 0.6438947368421052 0.08276381909547738 0.10143859649122806
40 0.6776884422110554 0.6457543859649123 0.09015075376884422 0.1007017543859649
53 0.8255276381909548 0.6444561403508772 0.09487437185929648 0.10624561403508773
58 0.24160804020100501 0.8157543859649123 0.0907537688442211 0.10908771929824561
60 0.3870854271356784 0.8142807017543859 0.09603015075376885 0.10614035087719298