153 0.191796875 0.411328125 0.05234375 0.06171875
12 0.115234375 0.411328125 0.05234375 0.06171875
12 0.348046875 0.412890625 0.05234375 0.06171875
12 0.580859375 0.413671875 0.05234375 0.06171875
12 0.812109375 0.412890625 0.05234375 0.06171875
12 0.351171875 0.601953125 0.05234375 0.06171875
12 0.584765625 0.601953125 0.05234375 0.06171875
12 0.810546875 0.601953125 0.05234375 0.06171875
152 0.425390625 0.412109375 0.05234375 0.06171875
151 0.657421875 0.412890625 0.05234375 0.06171875
150 0.884765625 0.413671875 0.05234375 0.06171875
159 0.425390625 0.601953125 0.05234375 0.06171875
158 0.658203125 0.600390625 0.05234375 0.06171875
157 0.885546875 0.598828125 0.05234375 0.06171875