153 0.17479687500000002 0.279296875 0.029296875 0.052078124999999996
12 0.13573437500000002 0.27799999999999997 0.029296875 0.052078124999999996
12 0.24901562500000002 0.28125 0.029296875 0.052078124999999996
12 0.361640625 0.28385937499999997 0.029296875 0.052078124999999996
12 0.47231249999999997 0.28581249999999997 0.029296875 0.052078124999999996
12 0.5882031249999999 0.291015625 0.029296875 0.052078124999999996
12 0.7001875 0.29426562500000003 0.029296875 0.052078124999999996
12 0.812171875 0.29817187500000003 0.029296875 0.052078124999999996
12 0.24706250000000002 0.4453125 0.029296875 0.052078124999999996
12 0.361 0.451828125 0.029296875 0.052078124999999996
12 0.473625 0.451828125 0.029296875 0.052078124999999996
12 0.5842968749999999 0.453125 0.029296875 0.052078124999999996
12 0.698234375 0.45703125 0.029296875 0.052078124999999996
12 0.80890625 0.463546875 0.029296875 0.052078124999999996
152 0.287421875 0.279296875 0.029296875 0.052078124999999996
151 0.40004687499999997 0.28385937499999997 0.029296875 0.052078124999999996
150 0.5133281249999999 0.288421875 0.029296875 0.052078124999999996
149 0.6253124999999999 0.29035937500000003 0.029296875 0.052078124999999996
148 0.7385937499999999 0.29426562500000003 0.029296875 0.052078124999999996
147 0.851234375 0.2955625 0.029296875 0.052078124999999996
159 0.284171875 0.4453125 0.029296875 0.052078124999999996
158 0.398109375 0.447921875 0.029296875 0.052078124999999996
157 0.5094375 0.45248437499999994 0.029296875 0.052078124999999996
156 0.621421875 0.453125 0.029296875 0.052078124999999996
155 0.73534375 0.458984375 0.029296875 0.052078124999999996
154 0.8473124999999999 0.462890625 0.029296875 0.052078124999999996