115 0.346375 0.253500 0.043391 0.065422
0 0.402031 0.249125 0.043391 0.065422
52 0.353750 0.473406 0.043391 0.065422
92 0.464922 0.469375 0.043391 0.065422
59 0.580734 0.467969 0.043391 0.065422
119 0.698609 0.466359 0.043391 0.065422
70 0.821063 0.464484 0.043391 0.065422
78 0.945391 0.464484 0.043391 0.065422
128 0.354297 0.655234 0.043391 0.065422
134 0.468422 0.654156 0.043391 0.065422
139 0.583625 0.653891 0.043391 0.065422
146 0.700969 0.655500 0.043391 0.065422
51 0.819922 0.655500 0.043391 0.065422
150 0.941563 0.654969 0.043391 0.065422
115 0.337422 0.057047 0.043391 0.065422
1 0.393500 0.054219 0.043391 0.065422
115 0.515578 0.049031 0.043391 0.065422
2 0.573547 0.042906 0.043391 0.065422
