115 0.346375 0.2535 0.043390625 0.06542187499999999
0 0.40203125 0.24912499999999999 0.043390625 0.06542187499999999
52 0.35375 0.47340625000000003 0.043390625 0.06542187499999999
92 0.46492187500000004 0.469375 0.043390625 0.06542187499999999
59 0.580734375 0.46796875 0.043390625 0.06542187499999999
119 0.698609375 0.466359375 0.043390625 0.06542187499999999
70 0.8210625 0.46448437499999995 0.043390625 0.06542187499999999
78 0.9453906249999999 0.46448437499999995 0.043390625 0.06542187499999999
128 0.354296875 0.655234375 0.043390625 0.06542187499999999
134 0.46842187500000004 0.65415625 0.043390625 0.06542187499999999
139 0.583625 0.6538906250000001 0.043390625 0.06542187499999999
146 0.70096875 0.6555 0.043390625 0.06542187499999999
51 0.819921875 0.6555 0.043390625 0.06542187499999999
150 0.9415625000000001 0.65496875 0.043390625 0.06542187499999999
115 0.337421875 0.057046875 0.043390625 0.06542187499999999
1 0.3935 0.05421875 0.043390625 0.06542187499999999
115 0.515578125 0.04903125 0.043390625 0.06542187499999999
2 0.573546875 0.04290625 0.043390625 0.06542187499999999