100 0.278187 0.193109 0.033203 0.042328
62 0.020859 0.065906 0.029828 0.043453
53 0.060375 0.066781 0.029625 0.041578
62 0.128391 0.067969 0.033203 0.042328
93 0.169187 0.070031 0.031328 0.042328
62 0.240687 0.073625 0.033203 0.042328
60 0.278203 0.073875 0.033203 0.042328
62 0.348875 0.077484 0.033203 0.042328
67 0.388703 0.077234 0.033203 0.042328
62 0.457313 0.078766 0.033203 0.042328
122 0.496375 0.082359 0.033203 0.042328
62 0.564734 0.087500 0.033203 0.042328
71 0.602250 0.087500 0.033203 0.042328
62 0.670359 0.089563 0.033203 0.042328
77 0.709156 0.089812 0.033203 0.042328
62 0.773641 0.091219 0.033203 0.042328
84 0.810828 0.092641 0.033203 0.042328
62 0.876922 0.094063 0.033203 0.042328
74 0.912687 0.097609 0.033203 0.042328
62 0.016609 0.185000 0.033203 0.042328
90 0.056859 0.186812 0.033203 0.042328
62 0.128594 0.189094 0.033203 0.042328
98 0.169250 0.189547 0.033203 0.042328
62 0.239438 0.193188 0.033203 0.042328
62 0.350281 0.195234 0.033203 0.042328
114 0.387391 0.196375 0.031563 0.042328
62 0.457266 0.199328 0.033203 0.042328
117 0.492469 0.199781 0.033203 0.042328
62 0.562203 0.202281 0.033203 0.042328
95 0.600141 0.203187 0.033203 0.042328
62 0.668047 0.204328 0.033203 0.042328
129 0.705734 0.203531 0.030953 0.042125
62 0.100203 0.285438 0.033203 0.042328
144 0.028422 0.283172 0.033203 0.042328
54 0.140641 0.285672 0.033203 0.042328
62 0.211281 0.286125 0.033203 0.042328
151 0.248984 0.287938 0.033203 0.042328
62 0.320766 0.289531 0.033203 0.042328
64 0.359375 0.290438 0.033203 0.042328
62 0.428203 0.292703 0.033203 0.042328
49 0.466141 0.291344 0.033203 0.042328
62 0.535406 0.293156 0.033203 0.042328
133 0.572656 0.294063 0.033203 0.042328
40 0.016609 0.464703 0.033203 0.042328
42 0.089906 0.464234 0.033203 0.042328
44 0.163906 0.464953 0.033203 0.042328
46 0.238859 0.464719 0.033203 0.042328
47 0.313109 0.464484 0.033203 0.042328
66 0.384984 0.465906 0.033203 0.042328
75 0.456859 0.465906 0.033203 0.042328
80 0.528016 0.467562 0.033203 0.042328
82 0.600578 0.467953 0.031375 0.042156
101 0.672625 0.467641 0.030531 0.042500
103 0.744891 0.467891 0.030703 0.043000
108 0.815750 0.468281 0.033203 0.042328
111 0.889281 0.468281 0.033203 0.042328
120 0.961859 0.467328 0.033203 0.042328
115 0.083656 0.626563 0.033203 0.042328
41 0.082422 0.750687 0.033203 0.042328
42 0.157906 0.749453 0.033203 0.042328
45 0.234016 0.747906 0.033203 0.042328
46 0.309203 0.750063 0.033203 0.042328
48 0.384078 0.750672 0.033203 0.042328
76 0.456797 0.749437 0.033203 0.042328
127 0.529828 0.747891 0.033203 0.042328
141 0.605312 0.750656 0.033203 0.042328
91 0.678031 0.750047 0.033203 0.042328
102 0.749516 0.749437 0.033203 0.042328
103 0.823156 0.748828 0.033203 0.042328
107 0.895734 0.748828 0.033203 0.042328
109 0.967203 0.749937 0.033203 0.042328
83 0.080187 0.811359 0.033203 0.042328
62 0.772469 0.207203 0.033203 0.042328
136 0.810109 0.206484 0.030125 0.042531
62 0.876688 0.206172 0.033203 0.042328
138 0.915469 0.206375 0.033203 0.042328
57 0.383422 0.626156 0.033203 0.042328
