115 0.096594 0.053984 0.048297 0.071016
115 0.279922 0.048781 0.048297 0.071016
115 0.473672 0.047734 0.048297 0.071016
115 0.668984 0.044391 0.048297 0.071016
115 0.867641 0.042156 0.048297 0.071016
2 0.157984 0.052875 0.048297 0.071016
3 0.343250 0.048406 0.048297 0.071016
4 0.537453 0.045062 0.048297 0.071016
5 0.735000 0.046172 0.046062 0.071016
6 0.937016 0.040594 0.046062 0.071016
139 0.166859 0.688063 0.041297 0.063609
92 0.046328 0.490516 0.041297 0.063609
59 0.164625 0.493859 0.041297 0.063609
119 0.285719 0.492750 0.046875 0.063609
70 0.408484 0.496094 0.046875 0.063609
78 0.535719 0.498328 0.044641 0.063609
81 0.660719 0.496094 0.044641 0.063609
73 0.790188 0.501672 0.044641 0.063609
94 0.917422 0.502781 0.044641 0.063609
134 0.046328 0.685828 0.041297 0.063609
146 0.287391 0.690297 0.041297 0.063609
51 0.409047 0.692531 0.041297 0.063609
150 0.531813 0.698109 0.041297 0.063609
85 0.719875 0.701453 0.044641 0.063609
154 0.845984 0.704797 0.044641 0.063609
131 0.976562 0.711500 0.044641 0.063609
