20 0.238265625 0.884953125 0.092171875 0.13171875
57 0.11996875 0.88965625 0.092171875 0.13171875
57 0.09803125 0.4501875 0.092171875 0.13171875
18 0.21398437499999998 0.44940625 0.092171875 0.13171875
2 0.56834375 0.43354687500000005 0.092171875 0.13171875
115 0.45709375 0.43589062500000003 0.092171875 0.13171875
61 0.8080624999999999 0.42415624999999996 0.092171875 0.13171875
16 0.5932031249999999 0.87928125 0.092171875 0.13171875
65 0.9305 0.42493749999999997 0.092171875 0.13171875
57 0.47490625 0.883984375 0.092171875 0.13171875
57 0.83315625 0.87771875 0.092171875 0.13171875
14 0.95390625 0.882421875 0.092171875 0.13171875