21 0.262828125 0.44428124999999996 0.090140625 0.13282812500000002
57 0.1438125 0.44428124999999996 0.090140625 0.13282812500000002
96 0.500109375 0.43373437499999995 0.090140625 0.13282812500000002
57 0.746203125 0.427515625 0.090140625 0.13282812500000002
18 0.86446875 0.427515625 0.090140625 0.13282812500000002
31 0.16114062499999998 0.8856718750000001 0.090140625 0.13282812500000002
57 0.39940625 0.8849218750000001 0.090140625 0.13282812500000002
25 0.523703125 0.87965625 0.090140625 0.13282812500000002
57 0.769484375 0.8819062499999999 0.090140625 0.13282812500000002
20 0.8860625000000001 0.876640625 0.090140625 0.13282812500000002
57 0.040609374999999996 0.885078125 0.08121874999999999 0.13282812500000002