57 0.06048387096774194 0.5659900990099009 0.04079178885630499 0.48311881188118816
27 0.12277126099706745 0.5404455445544555 0.04848240469208211 0.5026237623762376
143 0.1951759530791789 0.5522772277227723 0.04665689149560117 0.5263861386138614
63 0.2684604105571848 0.5394554455445545 0.0407258064516129 0.5204455445544555
155 0.33903225806451615 0.5451485148514852 0.04991202346041056 0.5318811881188119
116 0.41348973607038125 0.5471287128712871 0.04632697947214076 0.5121287128712871
106 0.48632697947214076 0.551089108910891 0.04831378299120235 0.5041584158415842
57 0.6345234604105572 0.5386138613861386 0.042646627565982406 0.498960396039604
12 0.6994428152492669 0.5168316831683168 0.046400293255131966 0.49504950495049505
79 0.7722873900293256 0.5297029702970297 0.04838709677419355 0.500990099009901
137 0.842199413489736 0.5396039603960396 0.044508797653958945 0.4811881188118812
153 0.9154765395894429 0.5386138613861386 0.05030791788856305 0.498960396039604