151 0.170906 0.419078 0.024375 0.036328
62 0.136609 0.418563 0.024375 0.036328
62 0.060297 0.219281 0.024375 0.036328
93 0.093125 0.216969 0.024375 0.036328
62 0.160344 0.219016 0.024375 0.036328
60 0.194719 0.219547 0.024375 0.036328
62 0.265031 0.221328 0.024375 0.036328
67 0.296578 0.221875 0.024375 0.036328
62 0.364312 0.222109 0.024375 0.036328
122 0.397656 0.223156 0.024375 0.036328
62 0.464609 0.225312 0.024375 0.036328
71 0.498469 0.223937 0.024375 0.036328
62 0.566719 0.223094 0.024375 0.036328
77 0.600063 0.224984 0.024375 0.036328
62 0.668828 0.223594 0.024375 0.036328
84 0.701406 0.221109 0.024375 0.036328
62 0.770969 0.223578 0.024375 0.036328
74 0.804484 0.221797 0.024375 0.036328
62 0.059891 0.329203 0.024375 0.036328
98 0.092078 0.329781 0.024375 0.036328
62 0.162875 0.331266 0.024375 0.036328
100 0.195484 0.330016 0.024375 0.036328
62 0.264188 0.332437 0.024375 0.036328
114 0.296828 0.333031 0.024375 0.036328
62 0.364375 0.332469 0.024375 0.036328
117 0.397469 0.333266 0.024375 0.036328
62 0.464313 0.335672 0.024375 0.036328
95 0.496953 0.335578 0.024375 0.036328
62 0.564734 0.334094 0.024375 0.036328
129 0.597828 0.335125 0.024375 0.036328
62 0.666078 0.335938 0.024375 0.036328
136 0.699625 0.335125 0.024375 0.036328
62 0.769500 0.333859 0.024375 0.036328
138 0.803500 0.334656 0.024375 0.036328
62 0.036312 0.418344 0.024375 0.036328
54 0.069703 0.417812 0.024375 0.036328
62 0.238266 0.420234 0.024375 0.036328
64 0.271375 0.420219 0.024375 0.036328
62 0.339438 0.421438 0.024375 0.036328
49 0.372031 0.421266 0.024375 0.036328
62 0.438812 0.423406 0.024375 0.036328
133 0.471359 0.423344 0.024375 0.036328
42 0.029078 0.583016 0.025641 0.040375
44 0.096094 0.583781 0.025641 0.040375
46 0.163359 0.584031 0.025641 0.040375
47 0.229859 0.585547 0.025641 0.040375
66 0.297875 0.585047 0.025641 0.040375
75 0.363625 0.585047 0.025641 0.040375
80 0.430641 0.584797 0.025641 0.040375
82 0.496391 0.585297 0.025641 0.040375
101 0.564172 0.585047 0.025641 0.040375
103 0.630672 0.586313 0.025641 0.040375
108 0.698453 0.587078 0.025641 0.040375
111 0.768266 0.589859 0.025641 0.040375
120 0.837469 0.591125 0.025641 0.040375
115 0.031672 0.728156 0.025641 0.040375
57 0.296016 0.727984 0.025641 0.040375
41 0.034687 0.833625 0.025641 0.040375
42 0.098937 0.835437 0.025641 0.040375
45 0.164000 0.835797 0.025641 0.040375
46 0.228719 0.838578 0.029344 0.041734
48 0.295422 0.840125 0.025641 0.040375
76 0.362641 0.841078 0.025641 0.040375
127 0.429859 0.843000 0.025641 0.040375
141 0.496438 0.846203 0.025641 0.040375
91 0.563328 0.847156 0.025641 0.040375
102 0.632156 0.847469 0.025641 0.040375
103 0.699047 0.850797 0.027203 0.039984
107 0.767750 0.853219 0.027594 0.040375
109 0.837984 0.855172 0.025641 0.040375
83 0.033391 0.889625 0.025641 0.040375
