151 0.17090624999999998 0.41907812499999997 0.024375 0.036328125
62 0.136609375 0.4185625 0.024375 0.036328125
62 0.06029687500000001 0.21928125 0.024375 0.036328125
93 0.093125 0.21696875000000002 0.024375 0.036328125
62 0.16034375 0.219015625 0.024375 0.036328125
60 0.19471875 0.21954687499999997 0.024375 0.036328125
62 0.26503125 0.22132812500000001 0.024375 0.036328125
67 0.296578125 0.221875 0.024375 0.036328125
62 0.3643125 0.222109375 0.024375 0.036328125
122 0.39765625 0.22315625 0.024375 0.036328125
62 0.46460937500000005 0.22531249999999997 0.024375 0.036328125
71 0.49846874999999996 0.22393749999999998 0.024375 0.036328125
62 0.5667187499999999 0.22309375 0.024375 0.036328125
77 0.6000625 0.22498437500000001 0.024375 0.036328125
62 0.668828125 0.22359374999999998 0.024375 0.036328125
84 0.70140625 0.221109375 0.024375 0.036328125
62 0.77096875 0.22357812500000002 0.024375 0.036328125
74 0.804484375 0.22179687499999998 0.024375 0.036328125
62 0.059890624999999996 0.329203125 0.024375 0.036328125
98 0.092078125 0.32978125 0.024375 0.036328125
62 0.162875 0.331265625 0.024375 0.036328125
100 0.195484375 0.33001562500000003 0.024375 0.036328125
62 0.2641875 0.3324375 0.024375 0.036328125
114 0.296828125 0.33303125 0.024375 0.036328125
62 0.364375 0.33246875 0.024375 0.036328125
117 0.39746875 0.333265625 0.024375 0.036328125
62 0.4643125 0.335671875 0.024375 0.036328125
95 0.496953125 0.335578125 0.024375 0.036328125
62 0.564734375 0.33409374999999997 0.024375 0.036328125
129 0.597828125 0.335125 0.024375 0.036328125
62 0.6660781250000001 0.3359375 0.024375 0.036328125
136 0.6996249999999999 0.335125 0.024375 0.036328125
62 0.7695000000000001 0.33385937499999996 0.024375 0.036328125
138 0.8035 0.33465625 0.024375 0.036328125
62 0.0363125 0.41834375 0.024375 0.036328125
54 0.069703125 0.4178125 0.024375 0.036328125
62 0.238265625 0.420234375 0.024375 0.036328125
64 0.27137500000000003 0.42021875 0.024375 0.036328125
62 0.3394375 0.4214375 0.024375 0.036328125
49 0.37203125 0.42126562500000003 0.024375 0.036328125
62 0.43881249999999994 0.42340625000000004 0.024375 0.036328125
133 0.471359375 0.42334375 0.024375 0.036328125
42 0.029078125 0.583015625 0.025640625 0.040375
44 0.09609375 0.58378125 0.025640625 0.040375
46 0.163359375 0.58403125 0.025640625 0.040375
47 0.22985937500000003 0.585546875 0.025640625 0.040375
66 0.297875 0.585046875 0.025640625 0.040375
75 0.363625 0.585046875 0.025640625 0.040375
80 0.430640625 0.584796875 0.025640625 0.040375
82 0.496390625 0.5852968749999999 0.025640625 0.040375
101 0.564171875 0.585046875 0.025640625 0.040375
103 0.630671875 0.5863125 0.025640625 0.040375
108 0.698453125 0.587078125 0.025640625 0.040375
111 0.768265625 0.589859375 0.025640625 0.040375
120 0.83746875 0.591125 0.025640625 0.040375
115 0.031671875 0.72815625 0.025640625 0.040375
57 0.296015625 0.727984375 0.025640625 0.040375
41 0.034687499999999996 0.833625 0.025640625 0.040375
42 0.0989375 0.8354374999999999 0.025640625 0.040375
45 0.16399999999999998 0.835796875 0.025640625 0.040375
46 0.22871875 0.8385781250000001 0.029343750000000002 0.041734375000000004
48 0.295421875 0.8401249999999999 0.025640625 0.040375
76 0.362640625 0.8410781249999999 0.025640625 0.040375
127 0.42985937500000004 0.843 0.025640625 0.040375
141 0.49643750000000003 0.8462031250000001 0.025640625 0.040375
91 0.563328125 0.8471562499999999 0.025640625 0.040375
102 0.63215625 0.84746875 0.025640625 0.040375
103 0.699046875 0.850796875 0.027203125 0.039984375
107 0.76775 0.8532187499999999 0.02759375 0.040375
109 0.8379843749999999 0.8551718749999999 0.025640625 0.040375
83 0.033390625 0.889625 0.025640625 0.040375