38 0.131062 0.792031 0.034344 0.049594
41 0.216125 0.791609 0.034344 0.049594
42 0.300344 0.796516 0.034344 0.049594
45 0.385688 0.795687 0.032766 0.047500
46 0.469500 0.800062 0.032766 0.047500
48 0.554000 0.802344 0.032766 0.047500
76 0.636937 0.803922 0.032766 0.047500
127 0.721531 0.804969 0.032937 0.047156
141 0.802891 0.806719 0.032937 0.047156
91 0.884078 0.806547 0.032937 0.047156
102 0.965297 0.808125 0.032937 0.047156
80 0.129875 0.855969 0.032937 0.047156
83 0.213578 0.859375 0.032937 0.047156
57 0.129406 0.658516 0.034344 0.049594
115 0.214609 0.657922 0.034344 0.049594
62 0.094797 0.255687 0.034344 0.049594
144 0.138047 0.256094 0.034344 0.049594
62 0.230547 0.256062 0.034344 0.049594
54 0.274469 0.260969 0.034344 0.049594
62 0.364844 0.260516 0.034344 0.049594
151 0.408063 0.264750 0.034344 0.049594
62 0.494062 0.266437 0.034344 0.049594
64 0.536641 0.270031 0.034344 0.049594
62 0.621797 0.274062 0.034344 0.049594
49 0.663734 0.274484 0.034344 0.049594
62 0.747406 0.279781 0.034344 0.049594
133 0.791906 0.279562 0.034344 0.049594
40 0.128484 0.474797 0.034344 0.049594
42 0.216922 0.475719 0.034344 0.049594
44 0.305812 0.474797 0.034344 0.049594
46 0.392422 0.475250 0.034344 0.049594
47 0.479484 0.478016 0.034344 0.049594
66 0.564250 0.479859 0.034344 0.049594
75 0.647625 0.483547 0.034344 0.049594
80 0.731922 0.481703 0.034344 0.049594
82 0.814641 0.487094 0.034344 0.049594
101 0.899469 0.488594 0.034344 0.049594
103 0.980687 0.490688 0.034344 0.049594
140 0.127234 0.544203 0.034344 0.049594
62 0.265703 0.141719 0.034344 0.049594
98 0.311328 0.143469 0.034344 0.049594
62 0.128219 0.139688 0.034344 0.049594
90 0.174719 0.137937 0.034344 0.049594
62 0.398234 0.150719 0.034344 0.049594
100 0.443297 0.151000 0.034344 0.049594
62 0.529609 0.153922 0.034344 0.049594
62 0.783922 0.169141 0.034344 0.049594
114 0.571750 0.157125 0.034344 0.049594
117 0.699531 0.162234 0.034344 0.049594
95 0.828766 0.167391 0.034344 0.049594
62 0.911687 0.172953 0.034344 0.049594
129 0.953594 0.172078 0.034344 0.049594
62 0.656406 0.161719 0.034344 0.049594
