24 0.561797 0.493609 0.080969 0.123578
57 0.066062 0.114344 0.080969 0.123578
57 0.431125 0.101562 0.080969 0.123578
57 0.799016 0.085938 0.080969 0.123578
57 0.076000 0.510656 0.080969 0.123578
57 0.446734 0.499297 0.080969 0.123578
57 0.813219 0.483672 0.080969 0.123578
57 0.090203 0.908391 0.080969 0.123578
57 0.462359 0.897031 0.080969 0.123578
57 0.831672 0.882828 0.080969 0.123578
13 0.178281 0.108672 0.080969 0.123578
14 0.546172 0.097312 0.080969 0.123578
16 0.914062 0.076000 0.080969 0.123578
23 0.192469 0.506391 0.080969 0.129266
30 0.208109 0.902703 0.080969 0.126422
31 0.574594 0.892766 0.080969 0.126422
32 0.953141 0.881406 0.085234 0.126422
