24 0.47940625 0.49148437500000003 0.089484375 0.1306875
57 0.209515625 0.082390625 0.089484375 0.1306875
57 0.595875 0.0681875 0.089484375 0.1306875
57 0.352984375 0.49574999999999997 0.089484375 0.1306875
57 0.23650000000000002 0.9247343750000001 0.089484375 0.1306875
57 0.635640625 0.9133749999999999 0.089484375 0.1306875
17 0.33309375 0.073875 0.089484375 0.1306875
18 0.720875 0.06534375 0.089484375 0.1306875
17 0.60725 0.48721875 0.089484375 0.1306875
33 0.368609375 0.913359375 0.089484375 0.1306875
35 0.759234375 0.900578125 0.089484375 0.1306875