62 0.109094 0.143891 0.037125 0.054078
114 0.161359 0.143891 0.037125 0.054078
62 0.268391 0.149703 0.037125 0.054078
117 0.318172 0.149141 0.037125 0.054078
62 0.423547 0.150516 0.037125 0.054078
95 0.473609 0.154109 0.037125 0.054078
62 0.578937 0.155766 0.037125 0.054078
129 0.628172 0.157703 0.037125 0.054078
62 0.733703 0.161844 0.037125 0.054078
136 0.784734 0.161297 0.039609 0.054625
62 0.891984 0.160469 0.037125 0.054078
138 0.943156 0.161437 0.038234 0.054906
62 0.068828 0.281906 0.037125 0.054078
64 0.120250 0.280953 0.037125 0.054078
62 0.226281 0.285422 0.037125 0.054078
49 0.278984 0.285422 0.037125 0.054078
62 0.383750 0.289250 0.037125 0.054078
133 0.434219 0.291094 0.037125 0.054078
47 0.061750 0.533188 0.037125 0.054078
66 0.161922 0.533453 0.037125 0.054078
75 0.265687 0.536094 0.037125 0.054078
80 0.368922 0.537422 0.037125 0.054078
82 0.471109 0.537953 0.037125 0.054078
101 0.572344 0.538219 0.037125 0.054078
103 0.671734 0.541656 0.037125 0.054078
108 0.774844 0.545969 0.037125 0.054078
111 0.879750 0.549859 0.037125 0.054078
46 0.067297 0.911984 0.037125 0.054078
48 0.164531 0.914375 0.037125 0.054078
76 0.263859 0.918562 0.037125 0.054078
127 0.363781 0.921547 0.037125 0.054078
141 0.464094 0.924531 0.037125 0.054078
91 0.565234 0.926922 0.037125 0.054078
102 0.664953 0.929609 0.037125 0.054078
103 0.764281 0.933797 0.037125 0.054078
107 0.867484 0.936187 0.037125 0.054078
109 0.969500 0.941875 0.037125 0.054078
