18 0.284797 0.439625 0.049719 0.080969
57 0.210938 0.438203 0.049719 0.080969
19 0.517750 0.438203 0.049719 0.080969
57 0.445312 0.439625 0.049719 0.080969
57 0.051844 0.689625 0.049719 0.080969
57 0.367188 0.692469 0.049719 0.080969
57 0.600141 0.695312 0.049719 0.080969
57 0.206672 0.945312 0.049719 0.080969
57 0.443891 0.943891 0.049719 0.080969
24 0.125703 0.689625 0.049719 0.080969
17 0.205250 0.688203 0.052562 0.080969
25 0.439625 0.692469 0.052562 0.080969
26 0.673297 0.694609 0.053984 0.085234
34 0.281953 0.939625 0.052562 0.080969
35 0.514906 0.943891 0.052562 0.080969
