104 0.083703125 0.38728125 0.04390625 0.06325
62 0.021953125 0.385796875 0.04390625 0.06325
62 0.20945312500000002 0.38864062499999996 0.04390625 0.06325
88 0.270390625 0.385515625 0.04390625 0.0679375
55 0.459765625 0.380859375 0.04453125 0.06640625
62 0.396484375 0.378515625 0.04453125 0.06640625
62 0.591796875 0.379296875 0.04453125 0.06640625
62 0.784765625 0.373828125 0.04453125 0.06640625
62 0.022265625 0.591015625 0.04453125 0.06640625
62 0.207421875 0.591015625 0.04453125 0.06640625
62 0.399609375 0.591796875 0.04453125 0.06640625
62 0.589453125 0.587890625 0.04453125 0.06640625
62 0.785546875 0.585546875 0.04453125 0.06640625
43 0.653515625 0.377734375 0.04609375 0.07109375
39 0.84921875 0.373046875 0.046875 0.06796875
145 0.083984375 0.5921875 0.04609375 0.065625
142 0.270703125 0.59140625 0.04140625 0.071875
135 0.461328125 0.589453125 0.04609375 0.06640625
132 0.65625 0.587109375 0.04375 0.06796875
121 0.85078125 0.581640625 0.0375 0.06796875