104 0.083703 0.387281 0.043906 0.063250
62 0.021953 0.385797 0.043906 0.063250
62 0.209453 0.388641 0.043906 0.063250
88 0.270391 0.385516 0.043906 0.067937
55 0.459766 0.380859 0.044531 0.066406
62 0.396484 0.378516 0.044531 0.066406
62 0.591797 0.379297 0.044531 0.066406
62 0.784766 0.373828 0.044531 0.066406
62 0.022266 0.591016 0.044531 0.066406
62 0.207422 0.591016 0.044531 0.066406
62 0.399609 0.591797 0.044531 0.066406
62 0.589453 0.587891 0.044531 0.066406
62 0.785547 0.585547 0.044531 0.066406
43 0.653516 0.377734 0.046094 0.071094
39 0.849219 0.373047 0.046875 0.067969
145 0.083984 0.592187 0.046094 0.065625
142 0.270703 0.591406 0.041406 0.071875
135 0.461328 0.589453 0.046094 0.066406
132 0.656250 0.587109 0.043750 0.067969
121 0.850781 0.581641 0.037500 0.067969
