113 0.132109375 0.272015625 0.0568125 0.098015625
62 0.044046875 0.272015625 0.0568125 0.098015625
110 0.39490625 0.27628125 0.0568125 0.098015625
62 0.31251562499999996 0.277703125 0.0568125 0.098015625
62 0.5767187500000001 0.277703125 0.0568125 0.098015625
104 0.663359375 0.277703125 0.0568125 0.098015625
88 0.931828125 0.2890625 0.0568125 0.098015625
62 0.8451875 0.2890625 0.0568125 0.098015625
62 0.305421875 0.564625 0.0568125 0.098015625
149 0.391359375 0.56746875 0.061078125000000004 0.098015625
145 0.65840625 0.573140625 0.06675 0.09517187499999999
62 0.568921875 0.573140625 0.06675 0.09517187499999999
142 0.924 0.578828125 0.061078125000000004 0.09517187499999999
62 0.8359375 0.58025 0.061078125000000004 0.09517187499999999