113 0.132109 0.272016 0.056813 0.098016
62 0.044047 0.272016 0.056813 0.098016
110 0.394906 0.276281 0.056813 0.098016
62 0.312516 0.277703 0.056813 0.098016
62 0.576719 0.277703 0.056813 0.098016
104 0.663359 0.277703 0.056813 0.098016
88 0.931828 0.289062 0.056813 0.098016
62 0.845187 0.289062 0.056813 0.098016
62 0.305422 0.564625 0.056813 0.098016
149 0.391359 0.567469 0.061078 0.098016
145 0.658406 0.573141 0.066750 0.095172
62 0.568922 0.573141 0.066750 0.095172
142 0.924000 0.578828 0.061078 0.095172
62 0.835938 0.580250 0.061078 0.095172
