64 0.643563 0.390625 0.031250 0.050781
53 0.228516 0.086313 0.031250 0.050781
62 0.180656 0.085922 0.031250 0.050781
62 0.334828 0.086063 0.031250 0.050781
93 0.381641 0.085859 0.031250 0.050781
62 0.483781 0.090094 0.031250 0.050781
62 0.636906 0.089047 0.031250 0.050781
62 0.791078 0.091125 0.031250 0.050781
62 0.941078 0.090078 0.031250 0.050781
62 0.935875 0.257781 0.031250 0.050781
62 0.784828 0.256734 0.031250 0.050781
62 0.635875 0.256734 0.031250 0.050781
62 0.336922 0.256734 0.031250 0.050781
62 0.483797 0.257781 0.031250 0.050781
62 0.183797 0.255687 0.031250 0.050781
60 0.534828 0.088016 0.031250 0.050781
67 0.685859 0.088000 0.031250 0.050781
122 0.839000 0.089047 0.031250 0.050781
71 0.984375 0.090078 0.031250 0.050781
90 0.229625 0.254641 0.031250 0.050781
98 0.381719 0.255687 0.031250 0.050781
100 0.533797 0.258828 0.031250 0.050781
114 0.681875 0.257609 0.031250 0.050781
117 0.832578 0.257609 0.031250 0.050781
95 0.984375 0.255172 0.031250 0.050781
62 0.151672 0.387625 0.031250 0.050781
62 0.301859 0.391109 0.031250 0.050781
62 0.449422 0.391984 0.031250 0.050781
62 0.596125 0.390250 0.031250 0.050781
62 0.743687 0.390250 0.031250 0.050781
62 0.899938 0.391125 0.031250 0.050781
144 0.198984 0.389359 0.035594 0.050781
54 0.347859 0.390234 0.031250 0.050781
151 0.497172 0.389375 0.031250 0.050781
49 0.794031 0.391125 0.031250 0.050781
133 0.947688 0.391125 0.031250 0.050781
40 0.190531 0.631938 0.033859 0.052078
42 0.290359 0.630203 0.033859 0.052078
44 0.388453 0.631078 0.033859 0.052078
46 0.482203 0.630203 0.033859 0.052078
47 0.580297 0.631938 0.033859 0.052078
66 0.680125 0.631938 0.033859 0.052078
75 0.780813 0.632812 0.033859 0.052078
80 0.880641 0.632812 0.033859 0.052078
82 0.980469 0.631938 0.033859 0.052078
140 0.193141 0.709187 0.033859 0.052078
57 0.197734 0.839703 0.033859 0.052078
115 0.290719 0.840578 0.033859 0.052078
