64 0.6435625 0.390625 0.03125 0.05078125
53 0.228515625 0.0863125 0.03125 0.05078125
62 0.18065625000000002 0.08592187500000001 0.03125 0.05078125
62 0.334828125 0.0860625 0.03125 0.05078125
93 0.381640625 0.085859375 0.03125 0.05078125
62 0.48378125 0.09009375 0.03125 0.05078125
62 0.63690625 0.089046875 0.03125 0.05078125
62 0.7910781250000001 0.091125 0.03125 0.05078125
62 0.941078125 0.090078125 0.03125 0.05078125
62 0.935875 0.25778124999999996 0.03125 0.05078125
62 0.784828125 0.256734375 0.03125 0.05078125
62 0.635875 0.256734375 0.03125 0.05078125
62 0.336921875 0.256734375 0.03125 0.05078125
62 0.483796875 0.25778124999999996 0.03125 0.05078125
62 0.183796875 0.25568749999999996 0.03125 0.05078125
60 0.534828125 0.088015625 0.03125 0.05078125
67 0.6858593749999999 0.088 0.03125 0.05078125
122 0.8390000000000001 0.089046875 0.03125 0.05078125
71 0.984375 0.090078125 0.03125 0.05078125
90 0.22962500000000002 0.254640625 0.03125 0.05078125
98 0.38171875 0.25568749999999996 0.03125 0.05078125
100 0.533796875 0.258828125 0.03125 0.05078125
114 0.681875 0.25760937500000003 0.03125 0.05078125
117 0.8325781250000001 0.25760937500000003 0.03125 0.05078125
95 0.984375 0.255171875 0.03125 0.05078125
62 0.15167187499999998 0.387625 0.03125 0.05078125
62 0.301859375 0.391109375 0.03125 0.05078125
62 0.44942187499999997 0.391984375 0.03125 0.05078125
62 0.596125 0.39025 0.03125 0.05078125
62 0.7436875 0.39025 0.03125 0.05078125
62 0.8999375000000001 0.391125 0.03125 0.05078125
144 0.198984375 0.389359375 0.03559375 0.05078125
54 0.34785937499999997 0.390234375 0.03125 0.05078125
151 0.497171875 0.38937499999999997 0.03125 0.05078125
49 0.79403125 0.391125 0.03125 0.05078125
133 0.9476875 0.391125 0.03125 0.05078125
40 0.19053124999999999 0.6319375 0.033859375000000004 0.052078124999999996
42 0.29035937500000003 0.630203125 0.033859375000000004 0.052078124999999996
44 0.388453125 0.6310781249999999 0.033859375000000004 0.052078124999999996
46 0.482203125 0.630203125 0.033859375000000004 0.052078124999999996
47 0.5802968749999999 0.6319375 0.033859375000000004 0.052078124999999996
66 0.680125 0.6319375 0.033859375000000004 0.052078124999999996
75 0.7808125 0.6328125 0.033859375000000004 0.052078124999999996
80 0.8806406250000001 0.6328125 0.033859375000000004 0.052078124999999996
82 0.98046875 0.6319375 0.033859375000000004 0.052078124999999996
140 0.193140625 0.7091875 0.033859375000000004 0.052078124999999996
57 0.197734375 0.839703125 0.033859375000000004 0.052078124999999996
115 0.29071875 0.8405781250000001 0.033859375000000004 0.052078124999999996