82 0.134765625 0.265234375 0.05078125 0.07109375
101 0.269140625 0.262109375 0.05078125 0.07109375
103 0.406640625 0.262890625 0.05078125 0.07109375
108 0.5453125 0.256640625 0.046875 0.07109375
111 0.6890625 0.253515625 0.046875 0.07109375
120 0.83125 0.251171875 0.046875 0.07109375
141 0.142578125 0.794921875 0.04609375 0.06953125
91 0.275390625 0.796484375 0.04453125 0.07421875
102 0.412109375 0.794140625 0.04921875 0.07109375
103 0.5515625 0.79765625 0.046875 0.071875
107 0.6890625 0.7984375 0.05 0.075
109 0.835546875 0.79921875 0.04609375 0.0734375