46 0.097297 0.300422 0.044031 0.063922
47 0.220172 0.297578 0.044031 0.063922
66 0.345875 0.294734 0.044031 0.063922
75 0.474422 0.291188 0.044031 0.063922
80 0.601547 0.289062 0.044031 0.063922
82 0.732938 0.286219 0.044031 0.063922
101 0.863625 0.280531 0.044031 0.063922
45 0.109375 0.783375 0.041188 0.062500
46 0.231172 0.783375 0.041906 0.065344
48 0.357594 0.780891 0.046172 0.066047
76 0.483672 0.780547 0.042609 0.063922
127 0.610437 0.782672 0.040484 0.066766
141 0.739344 0.783734 0.045453 0.070312
91 0.871094 0.781250 0.043328 0.068187
