57 0.187797 0.445875 0.052484 0.079563
16 0.267094 0.445672 0.057391 0.081203
57 0.420062 0.450375 0.052484 0.079563
17 0.497109 0.448531 0.052484 0.079563
57 0.653344 0.452609 0.052484 0.079563
18 0.728563 0.450672 0.056578 0.081000
57 0.890422 0.454859 0.052484 0.079563
19 0.967703 0.453422 0.055953 0.079563
57 0.182656 0.700422 0.052484 0.079563
61 0.261391 0.695172 0.052484 0.079563
15 0.338562 0.696797 0.058984 0.081047
57 0.489906 0.699234 0.058984 0.081047
24 0.567094 0.698937 0.058984 0.081047
17 0.646938 0.700422 0.058984 0.081047
57 0.802687 0.706562 0.058984 0.081047
25 0.884672 0.708203 0.058984 0.081047
57 0.177922 0.944422 0.058984 0.081047
32 0.256188 0.946547 0.058984 0.081047
57 0.411453 0.952078 0.058984 0.081047
33 0.488031 0.949109 0.058984 0.081047
57 0.642594 0.955609 0.058984 0.081047
34 0.721719 0.955609 0.058984 0.081047
57 0.877422 0.958156 0.058984 0.081047
35 0.959094 0.959437 0.058984 0.081047
