57 0.187796875 0.445875 0.05248437500000001 0.07956250000000001
16 0.26709375 0.44567187500000005 0.057390624999999994 0.081203125
57 0.42006249999999995 0.450375 0.05248437500000001 0.07956250000000001
17 0.49710937499999996 0.44853125 0.05248437500000001 0.07956250000000001
57 0.65334375 0.45260937500000004 0.05248437500000001 0.07956250000000001
18 0.7285625 0.450671875 0.056578125 0.081
57 0.890421875 0.454859375 0.05248437500000001 0.07956250000000001
19 0.9677031250000001 0.453421875 0.055953125000000006 0.07956250000000001
57 0.18265625000000002 0.700421875 0.05248437500000001 0.07956250000000001
61 0.261390625 0.695171875 0.05248437500000001 0.07956250000000001
15 0.3385625 0.696796875 0.058984375 0.08104687499999999
57 0.48990625000000004 0.699234375 0.058984375 0.08104687499999999
24 0.56709375 0.6989375 0.058984375 0.08104687499999999
17 0.6469375 0.700421875 0.058984375 0.08104687499999999
57 0.8026875 0.7065625 0.058984375 0.08104687499999999
25 0.8846718750000001 0.708203125 0.058984375 0.08104687499999999
57 0.177921875 0.944421875 0.058984375 0.08104687499999999
32 0.2561875 0.9465468749999999 0.058984375 0.08104687499999999
57 0.411453125 0.9520781250000001 0.058984375 0.08104687499999999
33 0.48803124999999997 0.9491093749999999 0.058984375 0.08104687499999999
57 0.64259375 0.9556093750000001 0.058984375 0.08104687499999999
34 0.72171875 0.9556093750000001 0.058984375 0.08104687499999999
57 0.8774218749999999 0.95815625 0.058984375 0.08104687499999999
35 0.9590937500000001 0.9594374999999999 0.058984375 0.08104687499999999