143 0.238995 0.138982 0.096080 0.107298
118 0.387085 0.138035 0.096030 0.109158
116 0.536482 0.139895 0.093317 0.105439
68 0.240050 0.304211 0.098191 0.101649
37 0.381508 0.306421 0.090201 0.106105
152 0.532513 0.307158 0.101256 0.107579
96 0.235025 0.474596 0.082814 0.106351
37 0.383920 0.471825 0.089698 0.097123
118 0.533819 0.475895 0.098643 0.112632
79 0.678492 0.471649 0.096985 0.100456
130 0.827889 0.477719 0.094322 0.108947
137 0.240302 0.644456 0.093417 0.106246
37 0.383116 0.641684 0.082814 0.097018
87 0.531206 0.643895 0.082764 0.101439
50 0.677688 0.645754 0.090151 0.100702
116 0.825528 0.644456 0.094874 0.106246
137 0.241608 0.815754 0.090754 0.109088
147 0.387085 0.814281 0.096030 0.106140
