79 0.166021 0.138834 0.093246 0.102438
50 0.315026 0.140742 0.091152 0.106184
116 0.469634 0.142615 0.100157 0.109965
106 0.631204 0.144982 0.095236 0.105265
130 0.168796 0.313110 0.098848 0.111731
79 0.316073 0.315477 0.100209 0.107032
96 0.471361 0.313357 0.096702 0.107491
153 0.629110 0.315230 0.105026 0.111272
37 0.781623 0.310777 0.095916 0.097597
130 0.166335 0.482898 0.086963 0.107385
37 0.316073 0.483392 0.100209 0.098905
72 0.474188 0.478905 0.102251 0.104099
69 0.629843 0.481731 0.092461 0.098445
69 0.785707 0.481025 0.098901 0.103640
50 0.164136 0.651413 0.095707 0.100671
96 0.317592 0.652898 0.088482 0.103640
143 0.474346 0.655866 0.109948 0.109576
130 0.631414 0.651802 0.104398 0.108869
37 0.784084 0.650495 0.090052 0.102544
99 0.166597 0.821731 0.095131 0.113958
137 0.324503 0.822650 0.096754 0.112085
147 0.474921 0.822827 0.100000 0.108728
