79 0.16602094240837698 0.13883392226148408 0.09324607329842931 0.10243816254416961
50 0.3150261780104712 0.14074204946996466 0.09115183246073298 0.10618374558303888
116 0.46963350785340313 0.14261484098939928 0.10015706806282722 0.10996466431095407
106 0.6312041884816754 0.14498233215547704 0.09523560209424084 0.10526501766784452
130 0.16879581151832462 0.3131095406360424 0.098848167539267 0.11173144876325089
79 0.31607329842931936 0.31547703180212017 0.10020942408376964 0.10703180212014134
96 0.4713612565445026 0.313356890459364 0.09670157068062826 0.10749116607773852
153 0.6291099476439791 0.3152296819787986 0.10502617801047119 0.1112720848056537
37 0.7816230366492146 0.3107773851590106 0.09591623036649215 0.09759717314487633
130 0.1663350785340314 0.48289752650176676 0.08696335078534032 0.10738515901060071
37 0.31607329842931936 0.48339222614840993 0.10020942408376964 0.09890459363957596
72 0.4741884816753926 0.478904593639576 0.10225130890052357 0.10409893992932863
69 0.6298429319371728 0.4817314487632509 0.09246073298429319 0.0984452296819788
69 0.7857068062827225 0.4810247349823321 0.09890052356020942 0.10363957597173144
50 0.16413612565445027 0.6514134275618374 0.09570680628272252 0.10067137809187278
96 0.3175916230366492 0.6528975265017668 0.08848167539267016 0.10363957597173144
143 0.47434554973821985 0.6558657243816255 0.1099476439790576 0.10957597173144877
130 0.631413612565445 0.6518021201413428 0.10439790575916232 0.10886925795053003
37 0.7840837696335078 0.6504946996466431 0.0900523560209424 0.10254416961130743
99 0.16659685863874346 0.8217314487632509 0.09513089005235603 0.11395759717314488
137 0.3245026178010471 0.8226501766784452 0.09675392670157068 0.11208480565371025
147 0.47492146596858636 0.8228268551236749 0.1 0.10872791519434628